      date  dd milage   dm daily  cost  total
2008-05-09 360   7000 7000  19.4
2008-09-08 122  14743 7743  63.5
2009-04-22 226  18957 4214  18.6
2009-08-25 125  23297 4340  34.7
2009-10-15  51  26183 2886  56.6
2009-12-17  63  30797 4614  73.2
2010-06-02 167  38956 8159  48.9
2010-08-27  86  43487 4531  52.7
2010-11-03  68  47304 3817  56.1
2010-11-24  21  50823 3519 167.2
2011-02-10  78  55719 4896  62.8
2011-04-01  50  60721 5002 100.1
2011-06-20  80  65796 5075  63.4
2011-07-29  39  69394 3598  92.3
2011-08-19  21  72592 3198 152.3
2011-10-08  50  76212 3620  72.4
2011-12-07  60  80164 3952  65.8
2012-01-23  47  84774 4610  98.1
2012-03-15  52  90118 5344 102.9
2012-05-07  53  94906 4788  90.3
2012-06-29  53 100196 5290  99.8
2012-09-06  69 105551 5355  77.6
2012-10-17  41 111818 6267 152.9
2012-12-17  61 117024 5206  85.3
2013-02-22  67 121462 4438  66.2
2013-03-26  32 125108 3646 114.1
2013-05-16  51 130220 5112 100.2
2013-07-11  56 135385 5165  92.2
2013-09-13  64 140684 5299  82.8
2013-10-17  34 145735 5051 148.6
2014-01-06  81 150808 5073  62.6
2014-04-11  95 155425 4617  48.6
2014-06-24  74 160784 5359  72.4
2014-09-08  76 165975 5191  68.3
2014-11-12  65 171249 5274  81.1
2015-02-06  86 176847 5598  65.1
2015-04-28  81 182177 5330  65.8      
2015-06-29  62 187240 5063  81.7
2015-09-16  79 192567 5327  67.4
2015-12-06  81 197684 5117  63.1 35.88  35.88
