360   7000 7000  19.4
122  14743 7743  63.5
226  18957 4214  18.6
125  23297 4340  34.7
51  26183 2886  56.6
63  30797 4614  73.2
167  38956 8159  48.9
86  43487 4531  52.7
68  47304 3817  56.1
21  50823 3519 167.2
78  55719 4896  62.8
50  60721 5002 100.1
80  65796 5075  63.4
39  69394 3598  92.3
21  72592 3198 152.3
50  76212 3620  72.4
60  80164 3952  65.8
47  84774 4610  98.1
52  90118 5344 102.9
53  94906 4788  90.3
53 100196 5290  99.8
69 105551 5355  77.6
41 111818 6267 152.9
61 117024 5206  85.3
67 121462 4438  66.2
32 125108 3646 114.1
51 130220 5112 100.2
56 135385 5165  92.2
64 140684 5299  82.8
34 145735 5051 148.6
81 150808 5073  62.6
95 155425 4617  48.6
74 160784 5359  72.4
76 165975 5191  68.3
65 171249 5274  81.1
86 176847 5598  65.1
81 182177 5330  65.8      
62 187240 5063  81.7
79 192567 5327  67.4
81 197684 5117  63.1