1055.83
939.252
259.295
301.085
1123.81
1104.21
220.886
827.708
997.067
921.692
644.234
1212.77
1145.2
272.864
211.328
373.056
673.622
985.213
556.648
448.022
352.072
538.596
363.075
586.547
279.535
623.758
331.163
414.536
282.17
496.287
333.206
1245.07
589.919
334.509
234.568
500.825
217.254
269.723
1365.27
982.117
295.226
292.607
1056.17
560.947
802.158
533.448
308.204
629.16
733.706
1703.31
500.289
345.447
275.877
250.083
239.83
614.868
1382.36
520.535
263.182
334.303
1171.4
344.826
419.003
220.528
315.488
291.03
254.001
388.561
277.575
822.366
982.675
212.478
346.284
234.129
303.004
354.258
494.878
432.088
254.456
864.037
269.085
320.161
763.584
707.195
1330.92
524.09
326.481
474.888
254.174
540.197
234.928
225.369
645.688
247.811
266.03
299.95
974.217
302.254
675.853
246.544
1221.21
229.374
235.655
916.886
1146.39
309.081
236.128
666.16
268.01
603.294
335.054
399.048
429.741
326.357
512.441
369.455
254.776
670.773
266.621
279.617
889.036
403.334
264.311
272.756
794.175
413.077
392.449
411.765
590.243
765.114
505.522
265.299
335.572
625.157
249.653
514.586
495.369
649.977
292.19
401.172
768.262
381.214
283.598
1216.95
364.699
248.89
751.433
378.486
431.126
599.684
396.913
278.973
1366.98
421.007
273.057
416.993
695.211
246.933
399.435
214.231
1126.14
723.668
960.727
269.545
355.877
280.324
979.99
246.358
833.821
273.111
394.856
355.26
265.961
925.538
305.152
628.746
458.763
454.82
856.412
648.85
1176.5
891.014
251.056
1233.76
311.345
300.248
782.015
248.805
291.187
392.754
1383.62
1037.9
580.84
294.685
241.265
855.008
1272.23
1341.39
578.293
915.331
1300.69
694.316
872.391
397.683
1345.17
469.896
268.594
252.44
604.126
509.536
207.123
621.094
1348.31
1178.57
426.082
274.664
478.976
862.949
973.394
300.308
245.99
306.142
433.466
463.921
1105.06
363.381
1366.43
247.416
1184.45
337.769
321.139
219.194
757.376
577.739
211.808
1085.05
535.354
812.806
1042.71
779.882
1035.55
398.929
599.136
1356.5
321.723
1091.67
679.32
517.162
763.506
347.709
533.113
1086.96
367.153
769.193
718.922
1441.88
830.894
244.091
906.618
460.977
469.178
360.592
258.902
417.973
893.61
1432.99
589.374
816.464
256.231
347.723
1277.97
451.579
391.118
984.759
727.827
274.724
1050.06
400.283
535.589
330.04
332.942
410.497
556.828
234.248
412.885
359.444
864.746
244.509
241.278
306.705
1323.4
696.753
1014
279.112
1003.29
400.683
293.954
389.157
325.71
272.626
884.953
330.488
645.104
252.323
1135.52
460.42
326.686
387.318
1346.33
1012.52
530.469
229.973
241.661
382.137
291.4
574.83
1483.96
241.056
337.852
271.053
335.165
451.696
201.79
765.912
1042.46
694.61
1150.3
726.404
281.994
1144.57
1022.68
911.636
974.459
1090.3
280.019
595.807
264.207
769.412
309.949
1123.67
211.621
1157.23
848.207
1085.86
379.522
572.262
489.767
869.526
483.268
406.681
1096.56
553.283
292.511
437.844
323.08
787.715
415.992
291.844
504.949
503.117
1152.68
347.371
713.848
752.549
274.487
760.996
331.318
774.582
374.769
524.857
279.845
191.197
475.167
520.894
738.418
454.174
239.521
552.162
421.022
1174.57
262.191
303.747
257.944
277.236
313.765
856.41
229.787
942.075
473.663
1196.19
565.676
1324.08
914.762
277.063
750.573
1167.23
704.205
389.466
844.35
986.404
1358.26
1043.99
219.851
713.181
914.781
553.479
331.575
1220.63
401.249
518.949
272.971
218.487
593.728
350.149
280.124
255.379
657.022
709.953
1040.84
235.69
265.456
361.755
1314.45
947.433
745.722
1161.32
296.299
816.335
257.958
1170.43
833.405
653.365
1463.02
584.118
489.074
700.023
685.356
1313.3
311.325
304.309
401.473
272.959
335.689
319.666
483.717
196.475
294.785
331.195
616.783
382.502
475.482
321.599
520.587
807.223
462.884
427.698
1077.27
921.038
527.144
265.272
319.551
1146.71
295.724
1294.26
269.084
310.537
1013.01
411.804
379.852
260.827
264.06
217.321
459.014
250.589
321.328
275.627
471.7
293.907
593.26
676.248
921.393
516.82
940.718
1336.01
307.917
768.585
392.694
734.368
830.392
223.408
410.411
883.729
320.663
426.11
903.895
462.804
620.991
1013.37
899.648
900.501
331.705
1116.17
538.392
266.987
1028.56
1153.83
850.436
728.472
357.613
269.725
368.291
856.334
928.141
338.952
508.278
222.142
764.255
457.887
703.669
323.309
417.463
1199.88
267.22
286.014
557.524
452.076
611.139
345.855
547.699
481.798
216.573
581.842
1216.61
374.067
321.731
489.002
1347.77
731.212
450.53
249.293
1144.18
759.563
489.056
676.74
305.144
302.062
774.465
710.122
588.946
1222.26
1009.5
902.176
896.366
515.763
1036.28
364.845
292.713
713.5
261.292
679.918
460.207
221.409
266.153
390.631
270.977
661.699
291.741
276.314
815.595
638.782
331.602
513.085
580.255
1253.49
713.097
497.343
516.835
1346.83
591.505
655.785
311.862
428.018
916.261
271.333
415.588
253.056
465.613
241.224
224.289
815.473
268.986
253.208
950.192
303.08
373.697
1152.37
1160.93
193.338
282.607
261.268
516.261
671.417
276.207
1105.4
1189.66
1015.69
248.108
1242.46
337.714
694.817
260.108
425.119
902.909
1079.03
305.412
805.904
247.418
288.003
1649.99
427.797
265.724
1138.65
364.143
371.209
376.748
640.176
357.78
753.703
326.602
581.81
310.778
253.002
1118.53
527.459
412.177
400.444
989.037
657.495
642.089
1003.22
240.336
615.506
230.535
441.458
224.916
618.359
381.028
473.963
1213.11
953.022
373.208
285.841
641.201
1553.65
390.62
550.43
609.53
312.515
637.074
268.605
658.7
181.224
244.083
1179.69
872.041
255.358
773.678
489.723
214.167
562.546
1001.68
227.939
309.57
323.308
309.642
236.233
274.097
356.509
817.647
298.08
602.352
606.599
277.222
213.788
745.329
218.638
281.612
321.161
343.262
1148.43
496.217
417.845
1212.24
264.757
774.785
187.202
273.064
478.937
433.935
311.101
555.227
465.179
1165.17
263.541
224.249
1140.69
296.042
1084.56
293.423
341.031
959.846
340.386
1003.26
723.566
1078.08
311.026
519.41
923.403
870.569
308.612
996.29
232.141
1155.86
506.145
733.215
623.962
670.111
1207.75
440.528
300.649
260.193
200.179
1136.58
479.043
296.079
1004.31
366.131
618.828
1154.48
627.338
275.136
295.931
548.302
508.013
936.745
294.205
754.896
349.575
921.152
641.528
330.664
717.688
250.094
1384.28
343.768
313.425
421.834
1325.48
795.293
399.67
450.141
886.765
274.741
444.742
361.69
359.667
1092.93
1156.58
1049.54
222.678
713.261
272.47
763.091
439.561
402.513
261.9
441.017
392.023
240.085
398.348
387.065
806.742
242.753
278.188
547.548
416.128
708.407
1022.18
1097.89
1005.71
834.462
344.991
267.818
752.976
339.478
910.025
696
833.393
1098.82
215.88
425.566
416.986
311.68
276.138
571.141
1096.31
1043.64
632.585
215.697
487.343
1316.09
235.43
868.392
287.573
691.603
1082.9
421.942
888.732
808.134
1613.74
528.587
780.394
256.558
762.56
515.13
283.073
636.347
234.438
791.916
461.274
1200.83
580.249
858.834
218.545
627.488
394.435
275.487
1006.55
451.82
454.48
1075.05
206.389
760.997
914.44
518.201
780.741
382.29
482.906
824.364
361.914
208.837
703.695
430.25
236.663
640.262
309.448
340.441
572.987
289.515
400.99
290.982
931.209
464.378
375.877
584.867
357.492
929.253
836.287
470.982
270.88
759.501
330.443
737.256
455.368
244.732
420.024
1437.17
333.706
822.328
1171.91
910.392
442.62
236.261
204.122
340.663
527.641
1170.02
677.009
753.106
488.408
1042.01
241.613
814.517
256.338
812.267
226.194
789.929
637.18
586.134
336.858
523.054
315.064
257.154
644.803
786.619
977.956
1174.72
672.982
611.632
345.938
532.883
519.015
1209.35
286.124
266.972
333.201
345.747
1053.18
230.892
259.118
542.723
713.548
1533.28
631.324
404.399
334.597
197.63
550.486
478.664
308.791
569.525
1126.72
470.239
243.412
287.768
731.629
499.218
237.932
1372.38
367.422
842.858
251.472
499.381
551.538
569.18
384.843
367.016
1262.43
270.313
497.041
1163.18
615.832
763.917
488.507
712.034
750.341
261.491
887.99
279.767
1146.77
1218.14
1192.82
638.307
314.061
535.187
438.721
819.193
352.006
566.624
213.446
485.59
458.462
250.938
347.241
189.681
592.778
297.394
774.798
290.941
314.82
260.821
1169.61
801.324
960.262
563.29
264.276
250.214
264.677
316.684
327.232
760.328
444.918
193.403
1137.52
715.908
218.289
292.494
452.528
280.297
703.366
208.063
449.87
623.69
381.533
1126.81
772.358
214.647
533.483
1320.53
1160.22
505.473
816.427
509.119
280.145
1153.92
360.723
697.144
543.404
1180.59
278.247
335.976
310.498
473.956
274.057
266.525
290.085
266.79
1342.11
506.046
406.815
627.576
475.441
512.352
302.972
603.021
681.085
324.943
505.065
527.297
346.163
391.886
230.442
661.562
326.779
252.342
301.463
278.258
273.386
270.627
277.539
369.088
214.535
415.423
379.805
656.01
290.378
463.244
676.844
466.78
1597.59
515.926
305.26
291.31
229.332
1081.6
270.998
300.186
837.929
254.622
487.111
227.359
959.064
369.804
800.143
739.468
241.577
262.361
344.349
1067.73
506.769
964.497
376.613
450.869
535.407
530.126
900.443
1335.12
242.388
403.163
248.265
599.855
685.367
1347.83
236.391
812.722
847.211
364.032
1163.61
1021.17
568.913
303.353
233.058
1006.55
436.193
210.329
298.525
761.787
225.006
549.452
282.653
767.725
290.729
481.408
534.874
382.58
1524
359.414
684.213
375.11
883.928
342.056
877.889
501.69
1180.03
246.632
255.92
765.016
261.965
1335.15
945.502
297.811
435.248
775.418
413.894
346.163
479.502
378.907
1029.14
226.036
232.711
927.804
276.51
545.954
295.157
293.721
558.945
321.434
746.547
391.48
324.797
213.872
254.689
799.639
346.072
273.129
395.419
266.475
282.101
845.118
441.274
1352.75
335.326
291.74
333.662
799.215
328.616
717.602
258.414
695.03
353.496
1385.15
1349.85
1686.33
255.824
502.777
642.885
339.871
246.579
484.35
674.429
937.943
651.769
486.463
606.416
281.88
428.456
267.918
282.513
1050.42
240.742
614.554
898.591
440.201
256.663
264.246
1024.11
323.024
421.457
387.437
1152.37
692.642
812.901
394.434
619.364
303.63
987.067
933.97
1007.44
595.058
954.416
258.747
277.793
284.499
897.644
230.065
712.696
275.037
921.053
254.266
434.788
288.511
258.781
260.353
860.343
685.824
357.837
633.396
744.51
788.709
1330.98
1125.82
889.229
269.93
527.377
1026.81
425.743
210.697
273.888
327.964
672.071
496.87
375.768
293.344
247.591
706.48
601.98
1076.72
325.839
225.963
316.296
394.132
967.365
764.796
591.213
409.646
1328.34
285.083
1476.27
604.958
911.658
336.191
956.199
300.959
459.807
291.702
483.795
219.36
349.737
791.096
305.586
695.409
1247.46
312.33
539.222
496.101
331.891
649.684
278.096
868.864
942.963
311.446
284.468
197.621
1341.77
737.86
206.593
851.237
307.415
239.982
407.692
1716.16
347.931
289.944
947.644
527.209
491.265
261.805
660.392
578.597
341.031
609.082
285.713
568.082
256.144
494.718
522.068
411.466
500.335
531.021
635.741
752.463
524.797
494.793
307.596
1210.66
1034.09
695.32
369.736
589.377
705.001
414.485
484.9
915.174
259.991
341.426
636.95
949.607
482.721
224.178
1037.32
848.878
891.834
416.454
350.615
349.062
287.012
226.438
340.884
425.025
1384.17
451.142
410.932
974.853
604.26
685.138
283.024
258.263
426.469
309.597
1202.45
467.769
358.556
824.765
406.279
275.462
728.476
358.102
1093.31
1055.62
799.894
561.064
335.011
256.098
578.675
251.326
1100.46
244.603
278.912
329.156
747.376
628.114
242.915
357.126
383.877
619.876
291.215
721.854
673.578
295.978
549.548
797.531
1370.04
545.677
454.749
306.874
338.959
555.051
689.247
350.817
322.401
511.436
738.997
288.566
1001.47
910.293
364.093
758.286
950.897
246.018
379.103
504.798
589.111
210.187
1397.21
1354.72
194.998
741.482
317.669
316.788
336.366
535.706
249.598
672.323
479.283
787.695
333.93
943.561
343.25
349.905
430.785
555.201
497.357
976.621
264.786
872.078
221.921
568.289
401.479
679.323
389.11
289.618
312.575
186.564
344.022
260.356
696.477
330.562
562.479
318.101
281.173
458.429
1031.54
901.327
508.069
406.398
301.395
225.31
838.862
1318.47
983.305
299.624
215.382
816.389
306.504
228.864
671.809
1291.77
299.981
456.421
420.684
883.514
539.105
349.331
1432.46
267.592
531.116
382.077
530.101
393.798
314.5
284.187
1477.06
571.069
420.072
1202.72
1097.93
1220.08
908
244.095
934.884
233.532
356.666
343.726
249.033
284.403
794.81
295.311
257.3
253.572
284.72
658.671
209.716
249.702
329.366
201.835
724.402
279.866
288.741
313.671
436.921
275.055
302.995
494.471
355.423
273.967
271.792
413.281
340.881
515.433
627.353
511.26
493.461
413.167
598.91
234.331
651.359
227.459
537.848
1175.16
929.369
311.056
261.723
1261.67
456.565
484.021
440.078
310.896
1003.33
245.07
556.676
573.547
996.702
234.835
424.812
1322.47
827.905
319.647
1101.59
342.068
1212.07
237.651
256.511
326.892
1345.28
223.761
519.93
327.474
705.677
392.499
1154.9
342.494
230.935
490.253
288.109
280.962
1014.36
296.544
351.947
837.608
937.643
264.873
276.896
183.263
465.543
1359.17
314.887
220.451
880.326
283.24
253.906
224.84
301.014
502.483
290.731
245.142
983.095
520.818
459.964
494.314
341.536
279.747
1094.8
608.791
1375.09
1104.6
1220.41
370.004
400.248
367.443
287.607
252.161
548.358
237.527
386.486
364.726
303.226
627.365
789.949
642.757
988.017
421.098
276.785
717.185
433.373
324.999
385.02
394.867
564.925
466.96
279.464
280.041
579.955
227.292
309.457
459.87
924.234
363.278
214.164
780.722
422.303
618.378
293.198
1092.3
320.484
1140.76
356.136
434.132
419.093
230.556
1372.07
785.311
201.519
752.194
331.294
765.098
639.138
342.281
236.442
771.505
284.712
540.806
224.862
564.64
278.215
838.87
211.512
327.41
579.328
1054.79
452.508
377.084
517.456
457.978
271.564
460.809
311.41
538.337
445.741
982.892
325.869
223.911
1195.96
256.197
327.118
711.382
611.363
528.679
657.534
635.238
459.828
307.239
390.48
1203.17
255.651
397.228
1311.45
892.089
853.273
226.386
1364.32
1046.32
742.303
256.94
1352.09
231.29
279.535
361.408
684.978
397.49
508.597
205.224
959.8
1174.35
855.494
748.724
631.308
720.762
817.446
264.73
988.462
309.117
231.441
586.993
257.477
291.297
692.339
520.807
1314.14
433.077
541.438
807.909
291.16
292.47
506.79
971.764
265.015
449.041
257.346
589.4
405.776
301.36
955.944
903.229
370.397
199.695
269.064
501.691
890.346
1177.96
256.718
763.233
255.23
645.374
585.483
279.961
676.377
256.252
690.967
758.247
872.073
465.951
497.763
356.198
1166.23
799.811
255.247
1171.96
425.275
968.199
292.132
284.607
485.188
1176.45
728.727
279.786
289.335
1093.92
285.046
690.224
416.323
397.963
284.211
913.488
224.176
629.706
212.11
353.886
912.264
357.968
1368.32
852.172
219.32
1114.62
537.332
478.038
979.011
203.182
282.503
504.976
1292.88
1282.11
614.306
926.928
599.447
519.068
485.361
322.548
290.931
1299.91
497.965
645.579
946.632
464.013
609.339
267.352
1329.42
1226.02
187.816
338.885
268.733
408.767
744.921
1315.9
525.983
587.664
269.506
1109.3
1031.78
290.545
269.959
584.863
523.193
219.309
517.585
1361.77
709.838
244.387
549.662
1109.41
287.013
255.477
1159.81
619.384
289.169
1335.33
256.668
349.073
309.243
308.625
506.693
298.475
435.837
324.576
439.853
765.721
492.751
273.461
344.967
750.468
1399.43
260.899
675.021
405.512
319.221
978.227
1328.71
526.179
593.369
405.822
268.783
558.916
331.728
256.229
1021.18
249.722
792.222
284.622
296.444
1317.81
612.644
416.603
231.688
453.384
598.351
225.411
361.537
1303.79
288.896
523.358
267.341
305.227
265.883
924.339
271.115
404.646
413.773
310.689
723.955
720.177
400.925
272.026
257.41
380.139
236.289
210.83
1147.7
385.15
253.94
1063.89
305.681
261.438
824.713
297.639
424.468
341.619
798.869
265.799
668.404
1180.67
1105.52
1165.81
1053.23
180.95
455.786
945.078
279.298
505.867
512.926
1039.69
362.409
958.222
761.213
813.547
384.765
605.05
1191.21
558.484
258.776
298.735
691.468
1177.9
786.844
1129.26
719.447
235.776
439.814
1064.67
1366.31
622.478
969.626
362.601
271.333
210.916
596.635
262.729
322.764
1348.33
1197.36
438.391
315.321
376.223
391.966
273.26
618.676
475.338
559.791
1305.07
278.051
814.871
464.438
378.149
919.568
292.065
282.52
390.91
1371.8
355.027
288.965
770.392
365.67
304.993
392.926
1035.44
393.034
1074.31
498.891
280.294
1212.09
884.837
431
213.944
219.386
339.28
326.439
386.869
380.82
365.767
379.501
646.144
625.077
280.332
445.794
256.319
329.853
516.812
993.482
306.001
406.148
289.948
683.281
264.15
443.643
561.218
317.203
1099.55
825.605
696.68
284.044
1275.2
328.584
443.721
594.061
678.459
496.675
919.274
720.944
999.74
935.817
236.862
191.858
1168.8
324.914
280.698
496.451
1644.76
1616.78
851.981
361.43
287.416
869.381
584.611
347.643
293.26
439.111
268.086
326.873
471.35
1186.33
491.332
259.89
1223.19
426.776
668.399
603.466
1266.88
275.496
235.486
1097.79
1672.11
330.402
765.687
315.605
262.217
292.614
614.229
849.112
490.315
1229.72
384.84
697.193
1352.72
318.073
663.741
1358.26
1314.37
1311.97
458.667
430.589
322.818
544.435
694.178
230.897
281.373
301.716
288.016
319.554
240.236
1331.73
472.192
247.33
421.337
1154.24
753.931
244.24
229.569
730.704
958.04
1101.67
206.386
547.085
691.403
702.568
206.555
725.871
1333.35
390.866
1357.78
387.525
232.678
266.49
831.869
209.729
480.165
435.008
238.808
381.979
1164.42
291.915
191.819
795.248
1196.94
246.685
409.446
238.678
250.924
445.66
375.147
348.157
288.846
300.952
562.737
473.266
483.345
298.964
837.203
696.177
303.15
872.636
386.46
378.184
589.672
274.572
251.983
485.548
1090.95
319.627
758.076
893.378
1095.81
981.503
815.392
596.498
1192.95
274.255
405.128
243.788
245.09
1389.44
690.937
999.378
350.408
312.532
227.772
767.906
916.925
304.334
271.388
286.773
924.628
873.581
1182.49
678.188
407.377
1003.15
302.146
653.077
408.061
781.501
289.961
264.744
918.896
1355.99
985.514
562.836
247.922
840.587
292.719
902.935
245.994
543.797
324.814
430.761
820.138
1313.77
661.396
407.021
273.907
340.844
1269.51
384.821
328.36
886.242
476.593
714.381
976.692
246.963
224.7
499.025
293.273
251.158
489.375
447.173
283.843
532.716
414.215
459.305
353.669
1474.69
499.561
323.65
672.293
261.384
326.473
353.624
724.112
256.311
317.209
300.155
222.19
1141.2
748.212
265.361
885.227
362.055
430.247
798.564
221.738
487.158
409.785
257.304
685.474
185.961
373.389
696.496
283.066
527.271
1023.4
247.692
319.529
362.455
789.243
316.389
819.296
1151.22
239.502
261.197
341.583
221.004
657.005
224.455
601.615
954.174
362.402
315.682
497.904
1562.63
544.818
241.353
1322.27
360.215
832.653
285.651
320.74
848.352
374.221
359.442
322.621
608.768
579.799
277.499
1399.57
864.411
600.019
256.839
264.605
611.616
1304.79
530.316
1378.35
365.217
476.278
266.238
1340.26
301.257
450.429
406.03
1008.22
569.75
499.019
263.087
245.64
323.152
259.865
308.793
1111.38
333.822
344.467
1019.77
483.305
234.034
1187.03
185.699
842.819
265.749
314.317
585.092
358.242
219.764
652.236
686.307
343.234
882.825
264.956
224.734
853.611
423.548
281.809
619.086
308.297
1340.18
292.215
454.284
533.024
1151.98
432.761
305.166
283.755
478.75
415.109
564.591
326.993
235.232
607.307
481.871
1187.31
1176.25
531.419
1081.45
499.653
246.003
309.738
351.168
445.844
916.592
728.969
1189.11
320.485
604.707
422.471
268.988
498.802
233.963
671.203
323.058
328.028
669.675
497.339
1163.83
872.728
923.745
827.048
345.733
402.006
1218.93
334.253
238.329
854.072
562.444
1131.5
1299.04
862.107
1283.49
1185.63
274.045
214.432
1324.11
942.79
928.635
228.906
325.385
702.507
456.19
324.21
383.692
321.416
515.121
383.68
775.459
641.483
282.82
291.192
1601.23
279.587
522.098
328.351
1167.2
739.909
363.61
552.308
361.101
382.572
260.092
233.418
472.399
469.514
273.646
261.622
1348.17
353.467
751.621
302.347
1501.66
1531.36
298.55
272.216
242.447
295.093
1059.07
325.464
865.094
1176.03
736.437
1366.09
275.839
969.148
350.595
334.396
216.607
1301.58
414.331
1041.33
380.141
1086.61
279.539
252.546
362.213
743.858
901.902
389.807
648.584
347.093
494.336
437.184
352.097
893.514
386.162
243.249
340.663
278.805
480.097
836.174
246.796
567.526
1043.85
1356.36
332.427
377.466
301.434
247.18
434.339
746.198
281.464
744.55
1008.74
295.676
251.752
298.719
811.275
1067.43
869.846
349.736
897.309
449.826
283.496
571.196
233.384
249.423
424.083
215.736
1600.88
309.802
646.998
831.215
237.43
290.168
895.141
671.359
484.475
269.201
1088.06
336.169
612.625
951.632
1024.74
885.553
782.564
406.046
208.046
384.003
758.447
561.541
427.474
309.031
269.483
369.331
836.772
970.267
224.675
292.794
249.755
487.851
1348.41
269.489
417.61
1332.19
276.616
342.332
267.146
367.448
750.433
611.899
1160.68
285.815
578.013
547.993
741.365
361.36
790.384
243.62
859.117
755.218
683.633
307.566
223.243
273.876
249.574
783.609
1078.78
346.591
926.165
238.225
958.485
1100.98
234.027
429.821
547.422
554
298.138
373.58
789.657
649.245
324.051
322.535
288.857
541.181
745.612
1017.77
607.569
1029.2
863.219
498.772
318.166
257.869
396.583
253.499
281.784
1166.62
424.746
434.641
371.203
799.094
1312.49
559.823
473.992
254.253
401.717
364.498
1157.82
1014.72
1099.22
289.772
489.141
298.542
527.298
1324.3
239.806
968.258
672.553
562.681
956.244
944.893
491.262
355.965
907.88
398.783
290.017
1193.37
254.536
1474.33
318.898
375.719
317.895
624.633
534.426
664.822
421.758
658.053
369.314
309.335
708.942
231.273
1060.14
366.744
222.544
640.764
348.271
369.377
301.074
1316.09
578.196
201.858
529.644
580.008
1294.76
1031.75
277.78
360.408
277.029
243.772
249.764
625.511
373.154
910.028
288.113
854.619
324.035
501.522
440.399
306.058
641.908
326.638
299.578
771.587
838.282
1172.68
523.811
335.977
583.54
284.919
397.585
600.449
340.425
641.233
427.272
318
904.067
345.724
1037.89
442.352
1043.47
1108
276.25
324.266
872.673
534.321
272.045
486.726
424.389
340.913
1478.88
747.25
555.561
525.207
1127.35
708.202
314.934
276.929
435.905
197.895
833.531
1329.7
387.53
1012.29
686.863
325.375
522.597
279.387
444.067
275.785
271.654
1065.57
728.126
324.294
746.612
649.744
1002.16
720.731
483.989
279.965
1127.11
627.9
707.807
343.864
554.659
260.869
318.752
258.589
857.698
286.597
955.123
304.565
923.003
402.681
223.37
467.855
829.627
464.243
253.985
1078.22
322.727
748.383
357.946
1049
635.124
343.011
217.232
889.281
291.942
375.235
808.994
927.614
825.463
277.485
182.112
371.403
277.703
290.642
440.021
375.563
477.979
277.788
370.22
720.136
281.301
1141.68
244.806
310.354
257.787
1718.21
843.833
434.289
614.409
401.323
386.086
240.144
483.862
1377.01
402.105
1093.97
632.095
415.242
533.698
787.721
476.86
477.448
454.125
1355.35
325.829
813.617
1221.47
361.249
1198.84
389.556
1165.48
289.665
693.958
825.746
669.885
265.197
882.338
301.756
234.243
394.072
288.253
350.016
438.607
590.627
1021.08
590.858
459.925
579.228
541.99
506.936
679.097
971.897
566.764
1353.75
636.604
329.615
289.185
661.269
629.758
270.553
778.454
793.841
802.747
698.045
611.945
282.368
466.676
530.663
557.345
366.194
825.393
285.764
343.223
887.88
624.021
396.933
220.016
293.539
207.577
452.547
376.211
1446.37
341.513
342.183
476.718
293.086
714.962
340.466
556.207
327.517
535.027
243.952
574.207
476.586
551.853
1125.99
535.693
539.585
1148.45
688.686
384.681
362.706
754.348
835.365
765.096
1148.7
882.918
1112.9
320.94
289.562
496.255
217.75
595.228
789.109
1084.13
225.416
900.694
513.042
1609.16
304.767
523.94
473.152
1327.14
408.685
301.68
250.327
463.8
578.593
762.395
587.371
392.232
181.715
368.777
386.58
675.173
892.242
400.426
759.952
836.725
320.859
1189.58
483.127
643.045
1478.9
905.365
328.793
1175.91
278.754
868.256
259.294
611.819
260.334
260.705
660.675
283.215
529.461
268.463
281.882
269.076
1134.55
393.843
380.011
314.341
395.247
1239.63
250.803
246.391
236.145
355.513
741.132
1025.88
347.801
251.598
353.843
1385.05
288.982
267.315
436.293
1159.15
257.417
367.599
863.542
669.28
1196.31
260.298
1390.58
427.078
669.248
788.581
692.929
248.191
493.511
1319.61
350.472
272.035
789.707
257.519
245.95
962.831
482.472
250.13
936.294
1339.36
335.289
419.064
591.884
1470.59
257.414
879.095
423.779
206.903
448.834
233.683
275.542
909.567
275.481
916.638
274.027
256.183
1117.88
794.57
647.787
809.001
1316.06
293.99
675.518
283.81
366.101
563.22
1358.65
1362.27
333.465
1185.48
763.042
722.616
1399.13
490.166
255.826
275.702
214.076
594.017
331.007
937.736
396.588
1041.39
796.365
459.773
392.003
1573.03
242.613
523.365
1134.08
1144.99
952.847
306.995
836.933
869.274
910.873
974.334
329.725
1188.56
481.776
571.55
265.809
439.484
372.307
778.396
436.497
1174.45
240.485
477.723
389.571
411.911
242.193
712.125
496.797
383.011
644.052
420.66
273.847
849.87
237.235
285.626
352.88
338.491
294.477
296.581
736.189
1177.49
1314.92
262.883
333.438
605.448
366.372
1048.85
254.403
610.958
1352.53
304.557
845.152
683.52
914.875
241.441
402.062
275.487
877.052
522.731
497.56
556.223
623.433
1068.45
333.689
563.877
228.869
261.95
698.973
377.093
234.106
519.703
327.502
1085.28
705.186
1339.74
1090.24
771.313
264.26
1383.44
448.576
940.882
362.708
1069.89
695.29
355.941
254.616
489.31
1107.84
1204.02
241.619
825.296
291.588
271.031
235.381
1239.75
294.254
704.861
489.825
264.822
1479.59
468.46
272.481
243.579
398.776
602.029
1350.22
495.322
802.369
399.503
468.12
317.381
276.929
251.593
549.262
239.644
388.142
332.114
663.864
770.687
462.51
840.074
462.262
336.995
313.576
272.165
662.188
319.129
830.441
340.194
708.975
532.441
274.203
1150.71
325.265
368.787
286.878
930.084
486.052
223.828
399.759
1345.49
778.692
718.967
647.46
867.651
1076.63
424.479
653.921
344.044
1078.05
562.102
737.753
243.462
456.673
496.419
874.317
339.362
273.636
454.276
237.942
936.337
325.896
577.103
326.112
444.214
463.551
1170.7
937.193
966.764
752.01
221.171
1166.67
419.635
255.66
690.933
317.826
464.537
392.243
871.47
515.625
1371.24
248.291
1166.84
583.968
908.86
653.891
426.931
840.018
801.648
513.665
217.668
215.779
309.724
866.694
316.154
244.09
297.733
299.391
280.425
322.857
239.201
428.778
986.53
935.434
669.864
533.035
339.757
348.254
298.975
1370.73
903.807
532.555
499.599
619.769
400.365
336.143
249.227
277.753
808.236
666.835
1164.94
699.045
759.05
783.865
330.362
352.948
460.951
395.297
868.208
595.519
256.92
557.651
473.324
236.748
298.465
582.456
803.335
408.978
836.679
1106.36
223.197
562.332
330.483
326.203
799.357
249.889
665.349
478.534
284.523
548.67
531.997
420.034
416.338
327.945
636.902
200.288
244.55
576.911
416.873
422.219
338.333
869.965
272.105
1364.66
508.556
273.485
238.683
599.443
594.803
360.997
725.597
1192
1151.94
1418.11
1209.99
431.678
248.402
906.112
291.212
235.169
287.437
296.556
884.887
641.098
358.705
631.374
741.512
821.841
395.082
849.794
353.757
259.289
294
503.571
832.633
1458.71
1080.9
275.037
1354.14
244.71
739.564
259.078
257.817
236.563
263.362
1021.61
226.336
581.664
608.243
883.405
733.776
1004.88
353.156
589.418
344.152
426.509
659.979
651.376
320.173
1064.28
967.867
328.231
968.329
229.547
286.757
380.306
553.225
297.878
912.045
1156.97
447.106
1202.63
980.308
1012.02
490.329
413.873
311.183
629.195
284.358
350.593
736.85
246.906
1159.28
777.469
213.472
566.356
1148.03
808.637
252.804
331.99
328.244
545.806
262.479
306.306
226.213
436.582
1609.01
283.827
255.844
734.234
904.946
270
254.336
256.486
1609.13
589.385
252.009
1026.5
1117.5
463.399
1069.62
304.101
706.306
461.582
376.567
296.797
386.05
291.5
1121.84
482.685
294.317
311.548
338.855
261.235
876.285
556.364
261.802
208.864
237.777
272.64
809.281
272.782
232.683
369.265
849.627
1340.5
566.418
1358.29
311.506
463.068
688.015
429.181
185.245
550.754
309.721
355.953
1049.07
320.381
1188.11
861.847
325.596
413.514
1002.92
249.5
314.793
462.618
413.233
578.476
492.506
252.601
305.859
218.102
282.52
529.67
514.685
289.093
614.641
469.765
267.108
974.894
786.43
381.646
398.467
408.168
829.821
814.314
503.926
294.006
606.425
1163.64
239.285
233.165
404.299
291.237
469.854
524.66
359.749
820.648
1053.84
290.861
470.644
333.863
581.307
331.564
364.739
232.755
403.727
270.253
364.139
425.536
247.252
1294.32
340.399
401.193
943.486
365.335
1161.24
397.255
933.074
396.451
467.533
914.194
812.503
377.085
279.701
1184.6
230.664
1127.05
1355.58
300.634
338.166
469.109
682.028
206.128
998.453
1316.08
263.206
1138.6
796.742
228.339
202.992
488.345
224.978
309.924
446.428
482.778
286.49
1018.02
500.783
327.228
468.309
232.342
561.341
1089.58
1366.42
298.483
1076.49
611.44
617.116
392.121
1157.82
280.271
368.071
766.63
1155.07
335.51
424.488
492.593
386.01
363.71
595.579
1020.58
1094.85
1341.63
1354.85
402.243
411.774
1173.64
422.78
399.409
225.81
385.002
246.47
305.118
734.522
743.402
390.61
609.931
1322.96
693.016
695.669
755.986
837.986
1325.15
275.06
232.978
830.739
1333.86
209.465
513.27
268.321
318.39
333.151
384.238
269.784
252.534
373.872
244.529
252.675
320.464
385.801
233.454
431.832
246.65
1113.83
536.252
1159.22
244.071
398.636
582.171
1344.55
279.052
1182.21
508.061
1068.15
522.065
488.083
1156.39
403.529
1317.55
787.129
294.17
483.904
557.602
1360.55
345.513
316.424
692.714
371.91
1070.56
466.551
450.919
478.154
426.207
505.157
617.416
813.086
259.66
359.291
219.366
269.742
545.045
195.708
446.687
913.598
992.561
326.316
301.87
609.972
880.1
1167.72
309.229
249.252
629.371
713.081
262.344
251.919
227.264
323.51
239.569
677.631
224.913
573.177
353.688
1206.22
832.552
978.884
648.671
492.933
208.904
319.403
1627.43
298.434
383.202
514.283
544.619
966.518
967.195
281.583
1024.47
309.234
292.034
413.563
1347.67
712.509
1151.68
312.985
481.248
680.063
1309.71
517.96
208.031
1415.4
620.833
235.429
1073.17
283.206
199.816
818.273
1153.79
294.426
410.744
411.007
384.502
1135
763.285
653.109
226.556
377.084
258.592
196.438
255.426
230.065
655.295
276.718
339.263
1457.2
442.894
329.917
1360.18
286.203
280.968
400.32
366.375
969.303
234.092
836.807
440.712
741.783
657.934
1206.37
242.916
1191.64
331.245
529.495
396.513
331.138
245.427
267.835
314.692
280.729
242.218
1186.73
283.444
774.982
1302.33
526.391
583.294
527.836
239.76
1185.7
239.54
642.855
1338.07
1044
316.348
804.705
638.742
267.701
437.604
1150.91
232.948
312.986
391.215
567.087
877.781
286.544
819.84
273.396
656.402
312.05
709.024
1352.46
870.634
1289.37
299.893
987.801
250.133
300.157
1066.48
632.601
416.298
366.702
1130.01
932.02
1372.82
272.732
1725.68
694.02
970.439
240.369
357.218
709.61
237.834
366.606
340.155
630.256
1350.09
352.218
251.774
289.222
449.229
1163.92
602.469
296.739
441.707
830.945
342.04
344.152
266.405
256.821
442.998
509.092
296.218
470.017
588.721
353.502
342.112
290.506
1192.87
406.513
452.143
288.57
606.939
776.985
380.892
911.687
291.236
264.465
579.432
796.591
303.219
844.044
461.416
313.042
314.449
1464.13
478.338
827.302
788.39
1328.16
1121.8
504.16
500.684
883.229
1116.73
664.613
339.071
420.274
299.25
600.446
844.663
346.167
317.826
243.472
253.18
467.659
726.431
270.997
784.924
278.751
372.313
295.358
1476.57
417.942
259.834
268.638
814.146
333.942
837.074
472.554
399.034
326.149
221.832
342.116
1069.09
813.379
301.146
473.178
1055.14
1459.89
590.057
235.305
1684.69
799.566
371.049
211.677
294.886
429.423
237.653
718.315
500.894
952.832
305.297
379.579
461.241
353.086
476.859
552.811
358.694
388.206
1233.58
179.016
856.234
786.638
1176.5
1218.16
245.108
921.295
1142.75
666.08
980.318
198.517
1208.29
359.879
382.896
1574.66
421.094
316.684
679.088
249.781
807.021
216.53
952.271
530.165
827.058
298.077
771.416
292.009
314.287
274.941
567.642
434.601
488.371
636.292
1172.57
571.555
455.599
1503.8
1383.86
489.338
1037.47
252.983
357.373
582.681
1262.4
275.673
1202.81
773.232
327.864
1456.5
658.594
665.947
1329.1
680.855
395.816
1100.83
557.39
475.445
289.198
308.769
423.099
326.493
197.748
510.624
639.891
715.05
246.935
1109.34
406.415
704.378
447.526
215.977
261.505
394.325
1298.07
216.581
642.025
248.826
672.706
343.671
1135.49
1065.53
476.612
1733.82
243.088
945.784
282.92
407.95
487.22
236.927
1352.23
713.754
342.293
350.068
957.631
370.405
718.729
307.082
1575.15
519.884
514.916
1328.6
287.376
227.508
464.604
183.481
1170.41
1437.72
596.237
225.903
323.495
461.209
316.083
679.694
251.774
854.854
269.143
401.882
328.371
393.19
250.721
356.71
346.745
305.889
703.723
289.615
311.987
342.812
781.547
464.916
773.05
428.666
934.103
455.221
808.272
274.885
463.595
850.428
262.059
1161.1
243.885
394.545
263.877
255.301
1350.81
814.48
238.644
659.112
1040.28
202.911
244.802
255.889
363.195
1066.47
595.693
339.224
1193.93
233.642
191.63
524.425
496.04
245.295
471.758
578.351
292.925
732.708
225.158
1338.72
349.588
527.458
617.284
1374.36
213.822
247.35
369.417
630.683
316.252
738.945
233.587
1041.1
611.819
230.322
207.057
611.741
235.416
686.79
252.665
1181.18
1156.76
243.151
679.676
256.266
264.474
208.758
383.965
428.669
1313.42
739.295
638.086
249.619
342.053
381.762
436.57
1263.75
220.603
386.171
237.241
790.153
766.252
635.248
743.903
364.491
259.733
216.205
241.444
340.083
222.12
279.34
1207.14
1073.23
333.056
924.511
338.032
821.962
242.638
663.981
383.974
657.426
946.59
310.338
254.477
797.002
732.909
307.21
1342.06
286.604
580.257
465.113
279.51
595.706
646.281
1211.09
580.156
352.85
199.427
645.242
584.378
316.388
530.38
385.604
302.927
195.932
774.446
302.513
937.442
1180.71
1239.82
521.696
239.618
348.244
1480.87
228.136
669.173
241.5
591.904
306.525
1386.74
1113.97
745.036
793.35
1307.18
440.78
472.532
1703.8
787.946
355.941
367.057
198.606
592.218
390.511
438.044
552.447
930.928
812.154
370.86
1098.72
532.112
912.636
264.429
300.278
281.579
958.326
888.859
697.83
816.708
749.861
1156.23
330.098
213.853
249.378
581.035
344.503
233.31
219.747
1156.74
313.298
271.616
216.889
1179.77
527.999
263.042
686.884
288.237
255.334
605.044
269.566
724.948
745.03
623.279
414.792
812.792
685.238
232.952
310.286
844.687
1339.11
1307.08
1275.68
722.263
263.606
936.078
287.517
475.87
780.898
296.887
1358.55
287.865
290.758
891.878
400.226
274.865
370.52
530.963
243.483
213.339
1195.61
1300.52
1022.64
232.757
1019.49
423.466
634.019
466.592
546.511
639.288
308.298
737.676
288.796
242.135
914.893
1161.79
204.31
277.135
294.233
527.181
474.661
325.471
260.393
225.986
339.409
814.224
340.956
386.67
728.284
876.107
1138.61
311.175
269.618
442.718
730.141
248.59
526.465
355.094
1143.78
335.905
235.945
315.508
1036.27
265.785
788.994
437.024
260.826
300.309
1081.32
558.177
381.474
302.651
321.845
354.757
241.039
263.357
1331.58
261.646
261.061
428.723
944.389
209.22
915.036
624.317
960.282
301.53
945.573
599.092
1168.05
1138.83
716.068
916.729
468.037
612.017
255.869
280.327
240.332
557.023
422.896
460.284
391.912
756.625
375.81
1186.34
1159.16
520.411
256.619
1116.26
304.406
858.957
408.393
434.869
457.686
544.717
382.451
268.39
438.372
563.861
273.022
254.439
776.959
1645.95
276.562
437.528
1341.31
324.488
376.2
221.723
697.377
424.376
774.567
758.471
272.676
1091.05
1146.93
1333.23
384.841
475.109
199.126
413.014
224.99
259.685
1259.13
280.243
267.489
1318.04
343.622
296.255
819.496
411.311
284.03
677.663
300.819
684.965
395.449
319.082
211.157
312.359
610.524
644.878
455.717
1714.03
293.459
517.234
573.709
275.895
1036.84
280.91
1001.92
369.636
1279.84
732.732
311.623
691.32
400.895
613.798
185.143
612.834
268.092
999.72
1157.53
1219.38
287.761
1028.25
1342.92
724.845
270.342
314.774
258.11
592.361
844.531
335.419
215.621
412.24
208.864
617.621
723.566
948.98
382.22
323.373
446.286
321.025
766.355
763.299
536.107
304.124
259.92
230.715
550.644
394.107
1143.73
344.092
795.417
459.053
216.053
850.824
662.575
278.188
221.177
497.301
951.302
346.516
300.772
1053.25
435.347
330.81
826.202
887.685
738.405
483.91
266.387
248.026
1167.86
274.494
280.941
277.829
828.518
625.681
601.529
1084.62
367.874
252.015
727.366
765.884
357.952
544.876
332.983
525.671
346.494
549.917
746.404
284.048
725.338
237.534
557.707
502.74
1314.75
337.924
266.463
815.207
314.803
466.184
542.266
238.257
797.95
638.524
688.682
421.041
611.29
1343.4
240.825
397.919
899.314
1344.43
412.343
314.124
235.142
570.332
861.269
350.525
869.224
703.304
677.226
927.431
1342.46
350.463
794.381
600.257
813.776
935.019
269.093
881.989
480.048
317.12
428.022
945.316
1150.24
841.17
789.03
338.804
447.312
498.812
1370.58
1170.43
1166.85
445.861
651.337
877.026
412.943
288.591
281.776
844.56
1149.05
1163.04
228.037
445.263
1353.5
341.039
195.247
225.264
1252.06
582.319
1294
244.321
287.69
227.776
511.111
607.782
514.015
581.502
525.568
557.672
722.242
273.873
301.527
1149.96
395.789
254.902
265.601
189.358
253.565
468.817
305.148
367.658
280.792
326.95
392.866
229.974
389.852
277.29
234.58
250.544
963.398
318.574
460.69
243.556
582.346
1291.15
309.755
395.57
608.494
249.222
819.916
710.14
1023.32
296.669
1056.61
868.785
475.986
290.143
1165.96
288.719
468.393
684.821
324.845
322.855
483.866
230.186
374.741
220.333
963.551
1316.98
1088.74
836.817
519.416
522.401
385.789
861.334
577.822
274.654
319.023
922.9
722.313
299.024
419.36
1336.98
306.513
1295.55
287.896
333.458
302.06
502.926
428.412
681.064
1005.97
307.598
357.488
860.782
1286
237.345
254.164
1132.61
361.339
506.093
252.654
453.951
275.241
503.555
400.697
258.007
453.154
671.562
356.997
707.215
392.322
884.609
436.082
423.656
1098.96
722.475
424.923
226.284
403.198
1352.62
1137.56
1156.25
337.059
532.562
978.297
407.788
741.596
400.45
334.605
1134.5
312.574
271.865
1710.81
713.569
347.189
950.593
1161.62
751.422
402.082
791.316
1164.18
867.368
1859.13
948.641
335.296
1589.54
403.222
329.16
333.19
311.673
577.722
259.068
387.745
1128.77
342.043
355.669
379.487
334.071
310.642
535.162
342.861
593.081
1019.61
776.431
403.242
417.942
284.347
641.768
1187.04
303.319
1365.23
504.096
205.996
235.921
1181.82
534.619
279.568
1006.8
715.758
237.31
304.724
441.186
634.291
1150.58
282.76
625.58
667.352
854.737
487.563
346.821
363.968
715.216
352.144
300.507
460.89
392.202
1086.97
549.588
417.899
569.535
289.943
1197.29
351.943
646.083
362.036
681.609
383.23
728.083
212.824
1008.73
401.742
321.587
382.988
1059.82
1348.04
316.924
272.623
441.353
298.89
240.7
570.378
624.282
237.062
1167.5
729.062
763.674
421.337
862.504
888.923
572.695
442.283
1386.97
574.224
726.37
267.829
614.969
610.879
331.976
858.543
319.748
521.552
239.495
377.748
216.722
294.448
242.176
285.092
618.191
292.854
889.335
595.045
221.278
386.733
260.911
436.794
1358.84
447.635
908.103
358.907
875.944
348.519
569.539
282.735
726.057
1186.62
630.503
239.409
1203.92
451.096
329.701
529.384
254.839
376.577
224.218
1124.94
279.928
312.829
1094.6
228.796
570.187
279.837
904.529
246.457
776.008
1141.81
831.054
808.436
312.256
213.151
261.512
419.089
481.479
451.552
1159.08
272.12
271.396
683.343
812.755
1097.32
586.703
209.809
243.246
755.934
552.665
584.36
283.19
345.723
1480.42
1121.73
185.801
184.981
1360.46
778.026
411.301
218.893
814.834
301.462
1359.15
378.024
1522.6
414.235
338.734
929.93
237.318
338.584
288.794
1133.9
496.201
697.549
295.691
228.293
1330.36
423.422
1097.78
308.278
378.899
1327.47
555.263
622.404
296.741
608.766
260.016
335.183
587.037
396.949
298.346
1726.34
718.367
210.081
394.94
905.278
296.875
301.431
289.728
634.463
253.756
1469.63
1185.4
322.223
1213.93
799.676
1169.03
591.081
414.887
255.319
288.514
232.339
1014.62
319.88
255.391
559.873
636.297
278.968
393.622
293.281
282.454
1006.01
813.833
1361.38
544.078
227.442
422.828
1071.14
483.038
1071.93
381.355
871.466
428.692
779.96
457.444
815.47
410.541
395.353
385.477
201.086
320.857
469.245
969.404
354.443
382.259
1040.56
229.547
480.975
669.278
301.324
1335.63
469.27
1255.13
815.816
932.416
666.338
324.189
470.579
1098.37
240.784
645.161
1155.15
229.509
342.889
463.457
231.919
705.847
266.345
1359.79
391.894
617.474
284.734
803.626
339.426
341.752
800.439
996.592
221.552
1333.18
247.247
854.727
239.314
282.852
322.59
1333.92
739.788
934.594
1181.95
425.195
816.325
287.149
215.37
278.119
277.115
353.245
905.985
216.513
347.322
299.395
262.999
256.936
547.026
271.194
281.71
320.539
577.671
350.632
1375.27
251.65
980.272
258.355
1181.99
416.508
334.925
597.499
374.143
265.361
268.932
623.574
419.314
622.488
242.039
410.814
325.604
799.921
1132.83
677.67
336.081
273.622
279.794
261.298
666.381
349.003
270.529
602.036
1211.05
278.562
231.101
263.061
1150.35
292.195
252.25
623.211
699.893
229.442
458.488
480.113
1137.24
301.28
1156.96
537.639
391.321
965.12
295.922
1210.51
340.081
230.753
256.063
254.626
406.45
1161.15
333.592
255.509
295.517
254.787
329.411
444.525
228.441
955.807
849.669
702.888
1203.76
269.173
240.365
841.002
338.539
252.709
1365.46
607.951
234.622
828.822
302.887
565.7
514.244
856.477
223.51
447.024
573.038
327.457
317.547
513.468
737.697
676.669
253.776
738.117
320.09
259.255
247.953
1157.71
520.149
274.697
385.13
211.381
255.422
935.358
744.108
335.841
887.527
249.726
1066.25
1260.15
440.766
375.924
278.026
278.539
962.503
1021.17
479.167
966.007
488.479
328.636
342.641
421.897
370.889
221.209
1000.58
254.569
742.81
337.783
357.892
828.765
1159.08
964.089
898.477
328.436
1160.28
263.707
745.664
411.073
275.452
1217.62
305.774
275.199
324.465
949.506
245.907
1149.3
256.6
568.064
316.53
643.813
234.398
1328.36
1164.02
314.819
752.914
258.713
1354.13
589.602
1323.13
238.526
357.884
559.16
252.209
233.787
739.442
274.498
794.228
654.627
252.389
500.397
942.874
747.1
1398.77
1278.98
1364.28
564.983
489.747
318.688
1141
439.33
447.778
831.906
878.652
443.706
787.158
251.508
311.233
660.938
453.575
1153.94
1350.14
1202.22
271.726
700
732.832
201.785
429.461
273.371
363.353
387.887
721.889
276.395
1011.83
318.824
318.059
614.71
1081.85
1040.59
389.188
474.965
968.865
384.142
432.741
229.525
865.13
427.178
443.773
350.374
345.461
407.107
569.115
597.012
370.315
267.237
315.502
363.733
476.771
482.961
1196.25
291.061
379.932
326.42
579.135
275.863
335.414
307.761
238.517
317.457
815.433
540.541
259.268
814.638
615.437
1348.73
332.984
594.164
342.237
716.938
1196.58
479.453
520.139
820.13
334.053
830.805
1016.57
755.647
255.076
614.602
954.757
584.94
344.021
261.123
268.464
348.326
918.576
271.565
1218.08
532.091
410.549
1156.4
1300.54
368.686
224.679
320.539
915.253
275.578
925.781
902.898
254.568
916.921
266.663
423.745
511.112
275.104
560.237
925.264
435.718
506.792
242.069
296.707
443.36
597.313
307.894
467.046
258.035
330.262
342.956
380.342
331.262
469.253
1290.56
312.523
1113.86
288.946
1387.55
977.839
556.7
687.969
301.52
1201.84
293.879
917.684
229.717
270.41
276.824
876.426
723.176
591.478
604.425
310.619
253.613
463.077
213.212
310.373
903.046
265.378
296.461
303.283
405.292
276.998
373.633
411.453
252.678
209.818
956.897
323.935
593.552
1019.56
307.356
258.707
1135.78
1122.12
835.058
265.879
559.596
787.378
948.122
194.341
573.955
714.089
471.192
1237.99
301.949
834.73
402.699
579.06
1175.18
768.126
411.322
237.649
771.043
358.382
218.165
617.62
249.989
513.811
505.98
374.748
519.418
293.189
977.373
234.135
671.435
231.881
459.486
238.742
533.301
946.81
635.161
635.945
1220.67
272.191
235.546
1047.36
486.98
1331.48
405.293
482.483
781.328
285.279
508.906
265.88
1349.15
218.626
369.344
305.047
907.735
231.859
273.049
568.524
517.867
301.761
1118.11
211.123
1134.49
1156.87
1314.52
1354.65
1084.1
718.169
291.573
698.884
1186.09
1489.25
757.437
213.699
231.276
822.095
276.471
279.083
388.665
271.041
359.876
270.559
216.818
283.424
361.975
390.816
429.495
233.741
248.031
228.991
639.907
223.346
726.595
551.825
334.398
409.096
671.228
404.559
324.584
428.566
542.323
676.372
524.279
305.443
596.205
313.361
482.794
805.85
1247.06
1099.18
236.513
284.89
392.395
248.557
290.075
641.208
453.299
224.163
483.251
370.912
401.42
282.349
1167.68
242.697
439.989
460.607
861.48
313.973
534.218
1500.97
726.6
1144.61
476.753
682.524
389.554
245.808
1223.94
985.819
787.185
762.266
280.093
355.441
251.692
483.116
484.609
799.639
206.228
318.389
1287.02
738.628
875.333
1105.08
762.945
1361.97
216.674
300.714
237.806
276.537
806.362
661.397
775.961
742.645
358.262
351.595
1364.77
1432.76
1037.4
247.764
452.264
367.35
859.77
309.995
338.459
605.297
246.851
301.401
247.142
1004.4
445.049
325.909
306.438
531.742
1077.94
885.642
466.894
987.026
963.688
694.685
472.271
744.642
244.035
716.578
704.724
344.239
350.503
855.844
426.238
232.768
827.584
459.898
360.473
898.985
350.842
466.175
1261.38
1361.89
273.416
247.012
1380.51
232.197
259.322
1099.2
375.716
1189.22
202.846
1313.79
317.066
355.937
737.002
786.194
644.711
517.654
511.533
217.584
576.53
279.909
296.862
684.566
392.441
482.161
276.343
354.281
293.02
513.266
925.02
297.106
846.135
1653.23
1036.58
364.882
778.804
274.362
421.191
273.057
1159.89
663.891
689.851
448.26
332.111
1764.57
447.401
360.642
567.061
367.398
309.734
1147.34
257.709
411.855
444.062
795.298
1084.59
465.702
696.65
306.299
313.98
245.802
256.448
1333.6
194.377
386.91
1465.08
917.023
359.292
279.577
511.374
899.466
278.481
450.742
586.162
261.505
1057.73
353.741
301.025
329.207
473.181
948.029
382.331
390.38
883.992
268.245
386.849
663.782
1489.69
243.508
711.554
482.212
558.843
210.131
504.088
1325.69
836.962
211.59
637.202
371.118
696.618
194.488
635.437
1223.3
925.639
993.828
1322.71
306.15
243.592
264.365
538.771
460.022
687.649
372.544
304.665
647.439
344.842
1058.39
558.635
599.193
263.632
415.424
664.082
1001.83
446.884
338.039
328.47
665.186
182.756
322.006
323.122
403.144
366.714
366.534
380.231
888.189
336.287
525.82
824.181
211.643
441.669
221.885
858.313
812.198
223.803
511.266
425.057
1058.08
394.716
1333.5
287.693
1353.36
424.228
766.301
264.305
256.581
388.621
265.414
1318.58
539.4
246.832
595.683
325.421
276.332
976.798
617.528
365.571
272.962
208.947
1041.5
364.763
372.499
495.093
1145.81
276.581
320.807
432.611
516.067
356.366
351.83
464.126
405.612
1671.5
702.188
377.455
253.419
395.479
546.033
265.233
480.113
282.822
740.161
243.087
1084.64
361.246
253.417
289.307
1342.74
399.847
232.184
305.944
534.01
466.317
1284.12
722.434
224.707
303.603
265.596
742.758
276.81
1170.16
230.703
1028.89
481.909
1323.91
538.767
288.42
1147.52
1021.76
250.212
535.546
1017.71
1255.26
219.381
585.651
449.553
428.885
343.083
627.765
824.523
273.798
381.473
235.931
347.842
1775.66
454.366
584.029
809.028
915.154
334.861
303.883
1534.44
266.676
978.748
925.701
1013.44
545.224
265.603
414.54
279.127
285.841
577.721
1177.02
257.324
421.318
250.944
929.434
635.023
301.709
1132.43
235.767
619.722
1163.09
472.875
357.169
410.425
736.685
416.319
308.543
1332.1
218.378
955.863
261.682
382.086
383.822
717.573
792.357
258.013
580.294
522.687
366.726
352.97
1320.21
233.36
507.378
269.943
1013.23
562.325
277.026
359.86
376.56
341.499
251.913
534.986
334.427
662.208
635.713
541.855
280.664
373.112
230.441
415.451
1330.24
788.764
268.875
466.163
236.802
514.742
1336.45
311.671
302.004
265.309
753.612
316.521
240.835
298.375
359.642
482.615
1034.06
1041.09
741.804
434.362
521.298
1283.09
451.059
409.423
1037.15
522.208
540.044
830.419
841.207
485.216
228.2
693.334
1155.42
420.771
1163.52
345.422
305.201
354.362
1297.01
1206.72
332.722
902.277
322.324
296.247
677.713
360.448
248.374
280.61
294.183
448.959
645.945
616.14
414.376
375.892
510.645
270.138
530.567
665.847
503.996
233.343
449.354
302.433
1431.94
875.852
360.879
302.847
437.33
464.824
317.404
895.55
1479.73
202.644
660.61
286.775
281.038
569.274
675.208
274.449
326.777
682.28
413.428
255.202
253.507
255.892
285.254
798.705
1120.67
367.387
350.155
226.324
261.052
1022.95
674.47
936.673
473.985
1307.41
402.745
523.178
639.462
1293.39
448.875
602.668
212.986
275.457
1069.95
454.741
408.09
809.21
774.431
260.633
940.695
1344.52
198.948
325.424
673.294
370.489
1030.4
309.677
373.664
383.755
449.764
466.484
431.963
559.201
326.68
297.059
452.341
239.969
265.48
568.214
1293.34
301.759
376.051
759.826
687.073
257.47
667.153
378.22
1377.99
184.558
367.186
220.256
1198.86
894.249
348.195
345.318
410.198
529.721
1190.26
621.16
681.279
267.919
763.513
693.033
355.988
605.629
608.905
627.569
384.742
1139.6
802.6
497.354
712.505
353.402
315.28
341.688
224.694
529.39
641.976
284.943
258.419
1336.56
1052.92
240.149
232.751
681.438
409.381
1029.23
224.05
403.861
327.065
598.712
252.021
213.347
804.474
1348.25
778.558
728.636
336.38
534.555
264.759
642.735
211.073
208.208
1620.64
379.073
572.314
1137.69
275.683
950.254
562.943
306.811
318.741
274.252
749.633
669.464
221.441
346.46
367.471
802.327
877.21
234.153
271.326
779.294
1145.37
628.958
283.527
268.872
1204.1
875.319
230.153
846.519
434.865
408.56
461.064
957.265
983.096
1735.88
303.667
283.981
316.43
1161.78
773.184
318.797
264.362
397.821
1466.21
412.315
992.141
781.139
287.082
241.232
262.742
571.519
940.732
563.144
561.836
538.186
698.96
928.638
349.072
1531.05
997.453
323.548
600.802
724.528
303.677
1129.01
293.691
584.997
788.209
458.805
253.754
844.841
430.758
609.831
847.986
1177.42
343.231
555.103
370.701
801.374
341.12
1010.34
336.478
302.811
1067.85
452.427
398.761
790.843
504.079
638.484
1147.48
339.016
250.019
997.903
1127.31
280.159
1474.47
293.464
279.372
473.298
542.99
300.975
232.076
1044.68
199.825
347.614
836.264
181.843
327.417
841.762
521.278
1469.84
331.682
1126.08
959.179
215.683
211.861
281.636
530.681
212.813
878.374
491.373
524.885
709.236
542.21
310.773
402.177
408.694
345.784
948.295
223.413
285.231
1548.23
268.392
934.021
495.481
932.83
296.587
336.679
827.99
1323.04
627.248
242.39
276.562
344.628
406.228
272.258
555.574
287.692
223.92
1330.68
984.352
885.957
1192.46
774.075
742.55
1157.39
614.728
410.351
344.477
345.39
1242.83
330.204
914.328
663.828
407.682
525.8
545.165
296.656
305.38
284.254
295.696
411.932
817.097
917.512
1111.28
409.965
264.623
862.851
315.45
290.026
215.732
844.7
1280.47
263.071
1063.75
484.567
733.982
217.621
711.428
949.778
275.035
1129.4
258.423
759.198
364.537
308.419
276.614
937.97
399.448
369.938
344.724
892.198
1175.34
893.375
214.203
276.753
612.58
371.506
534.514
724.82
291.777
313.315
1302.34
341.376
369.102
460.417
290.486
209.088
300.428
399.524
247.097
337.177
230.002
1174.26
246.287
278.731
660.189
260.761
213.492
357.668
1605.34
554.255
1103.88
479.029
237.311
647.414
228.917
274.376
749.906
295.32
892.667
379.461
438.125
1291.68
1052.51
338.123
288.931
302.344
847.668
357.984
1255.16
1574.92
780.535
1145.83
1163.25
281.223
860.447
805.822
929.593
1391.93
703.083
804.59
398.678
474.746
341.213
996.502
288.824
283.76
263.349
260.075
1459.07
330.035
393.385
590.932
240.181
380.485
756.953
747.432
202.475
243.848
457.614
1332.5
436.003
351.554
213.037
472.029
867.5
893.73
476.065
211.439
339.974
198.737
753.042
943.455
296.907
263.551
432.065
475.568
650.027
477.986
321.946
553.345
411.87
574.449
405.853
1137.81
825.083
294.983
320.201
319.411
284.758
307.489
280.074
456.379
769.915
1307.97
532.658
701.704
333.073
1031.87
285.385
471.269
497.835
441.272
267.39
254.394
802.475
654.002
276.414
427.544
610.06
845.702
1153.23
420.53
768.16
861.705
297.902
209.224
256.918
1127.28
838.114
419.641
361.134
414.661
558.038
559.784
944.396
251.797
859.877
242.091
241.479
638.893
508.666
282.768
576.514
368.657
287.026
265.904
1262.69
501.166
372.582
283.557
397.36
965.909
321.465
375.481
371.224
289.762
512.936
386.292
629.79
956.013
639.299
462.578
442.659
1060.35
608.141
289.987
325.937
291.059
534.571
646.367
682.399
351.135
692.57
592.695
654.286
305.421
303.542
663.065
721.533
660.574
620.577
651.387
1255.16
504.86
263.444
393.651
855.378
303.577
265.585
709.853
204.473
262.556
910.106
205.592
772.486
378.887
662.97
288.749
601.068
288.341
676.653
271.698
477.674
1128.59
751.919
265.474
382.219
286.806
579.878
717.64
1698.59
209.182
366.093
443.284
1163.97
369.206
429.887
760.555
330.094
320.922
857.17
268.971
1046.03
625.41
292.35
863.324
308.046
241.254
638.194
553.138
194.924
511.263
300.831
260.295
395.656
391.817
1304.17
225.439
882.828
697.711
770.192
336.987
254.9
270.963
646.634
467.28
614.163
565.155
272.137
683.787
392.027
248.432
1389.41
263.085
420.722
712.825
896.802
1294.48
462.822
251.427
496.65
266.979
515.366
566.778
956.372
365.175
756.559
491.945
1353.84
714.201
335.316
376.546
319.408
250.259
852.301
863.432
828.169
1141.99
448.642
739.049
486.853
231.896
525.863
223.182
593.821
992.549
782.567
565.438
1044.24
446.3
280.951
1112.34
288.153
328.542
910.864
281.842
474.548
539.283
346.097
1062.68
579.552
232.908
222.023
627.237
525.587
1357.76
288.63
1590
920.666
398.024
205.542
671.533
1365.7
360.336
1303.86
240.54
372.379
771.092
1319.2
235.568
688.645
596.878
261.529
536.654
1380.15
975.48
1106.02
1155.7
503.442
270.242
1164.72
447.028
866.869
914.815
310.158
361.145
1243.87
329.803
430.935
481.069
668.536
300.023
422.414
288.146
286.545
288.544
857.68
273.776
462.359
228.021
255.216
840.743
883.223
726.359
307.409
379.012
271.123
254.433
284.754
604.974
1003.89
539.435
268.604
329.143
261.241
628.391
335.146
528.72
703.872
774.805
227.566
1327.97
1008.78
626.091
219.349
299.952
229.843
1063.48
250.094
695.807
744.524
275.287
437.754
340.259
1161.98
439.776
1163.17
1050.26
1364.98
234.654
393.335
649.409
284.989
192.831
1074.92
234.883
803.293
1218.26
303.046
1482.67
358.692
221.116
297.889
364.474
306.206
522.617
837.373
210.141
271.226
417.334
1081.55
523.758
714.825
714.773
567.485
740.235
230.437
300.612
312.737
1078.56
312.487
232.441
512.189
278.858
509.924
406.713
331.663
517.527
322.25
491.626
489.103
769.807
997.911
1240.87
684.021
1153.23
341.22
369.148
761.624
1177.63
448.546
590.851
884.152
237.257
281.267
512.713
298.048
476.05
374.445
290.431
1176.65
822.374
1530.76
1555.42
463.969
416.357
1172.04
370.092
440.45
251.503
560.885
530.989
416.166
868.288
421.744
1333.03
505.312
376.256
590.625
459.422
421.328
308.566
252.421
979.233
495.002
1306.85
449.672
313.538
423.909
405.606
1370.9
390.992
1305.68
503.133
195.232
979.323
388.458
556.047
365.122
266.8
621.2
223.608
381.901
259.246
852.923
845.678
994.82
665.382
431.288
1250.83
764.098
389.803
901.899
553.709
288.286
273.977
705.419
252.451
243.615
616.338
1241.39
295.764
1114.83
537.319
277.69
697.687
583.983
973.011
293.358
818.549
260.857
955.522
752.908
1357.29
227.178
247.27
492.549
412
318.642
1166.51
492.796
441.638
340.759
285.068
322.016
1190.58
309.919
522.409
1276.96
266.128
251.352
334.856
637.047
385.103
198.507
193.63
1068.87
243.381
321.849
903.808
270.748
585.195
259.817
1218.24
469.605
347.141
1068.81
219.483
882.736
261.48
851.301
796.532
261.346
309.71
239.992
968.775
921.018
249.684
711.361
258.226
258.607
1281.66
1197.72
1038.13
385.913
666.107
829.566
309.507
242.499
373.055
248.825
361.75
1181.41
412.145
253.156
695.752
292.774
296.95
687.136
554.183
687.046
319.261
893.667
661.241
1164.18
817.12
549.059
1196.6
229.681
432.088
749.149
364.661
212.085
1016.38
936.81
602.841
608.275
306.089
297.783
644.81
914.146
662.627
287.456
1164.52
369.101
1676.39
349.194
1649.23
412.709
350.656
976.367
526.871
492.038
365.869
385.709
709.037
420.292
318.656
1511.05
302.281
344.965
574.345
796.042
711.667
443.182
244.74
315.611
423.876
257.766
471.226
416.189
1296.16
357.777
265.836
686.483
534.169
923.998
288.938
1184.86
205.129
1087.68
720.717
215.134
400.234
317.333
258.851
511.521
366.124
923.048
382.657
859.226
518.97
557.167
1365.76
825.436
186.966
627.275
228.982
662.202
350.902
1334.43
547.349
877.189
605.457
359.043
274.203
636.958
1352.64
300.567
1014.71
1406.25
735.422
1237.67
569.478
1326.69
298.982
238.329
1166.75
369.019
716.162
409.34
311.054
493.029
758.362
1339.71
254.504
1120.06
263.699
257.812
452.723
394.265
1196.36
796.587
906.038
279.542
199.239
393.84
884.958
291.633
253.108
743.624
233.151
723.865
290.212
325.047
326.549
337.625
280.411
922.109
609.929
475.365
539.443
1148.5
1051.06
450.598
293.347
312.841
814.535
683.195
792.565
267.201
686.979
1145.22
1214.93
334.311
864.705
256.845
270.263
264.868
265.867
968.73
343.591
430.87
771.168
343.815
250.088
500.535
321.752
413.465
454.605
614.05
279.372
316.211
230.767
286.707
745.857
403.658
318.081
598.298
346.065
888.617
344.654
422.172
1121.49
301.765
358.294
1074.28
447.529
236.222
230.326
806.65
301.473
584.598
429.908
213.623
1259.89
391.267
999.436
690.516
376.362
503.731
482.111
1214.29
312.171
1349.84
327.026
227.733
793.835
987.768
1080.55
290.361
595.788
849.455
377.612
971.528
659.374
965.175
364.5
1007.9
590.911
694.601
277.045
1419.36
490.184
582.927
249.972
247.418
342.094
287.67
384.969
473.957
341.403
818.366
860.753
1026.03
282.768
873.043
1346.77
438.478
188.501
345.946
230.583
271.177
240.903
373.275
1121.61
270.937
668.161
365.281
548.258
804.135
311.412
284.413
368.366
939.025
764.408
768.307
271.192
1189.95
579.285
1152.12
338.282
470.833
420.918
270.264
1152.89
272.828
1485.06
307.832
762.119
1336.67
659.826
533.793
388.745
1300.97
279.169
1020.02
311.62
255.472
319.386
508.02
311.709
269.475
1179.72
367.825
291.407
270.532
604.992
715.728
440.625
283.873
280.873
723.568
242.536
507.43
360.111
731.704
259.934
251.863
707.104
468.061
295.694
271.612
341.707
1509.37
390.102
749.54
215.305
298.665
820.925
821.405
339.778
259.128
1302.99
376.712
1122.16
373.492
1225.96
184.613
510.9
494.061
852.712
887.667
421.347
369.497
815.293
356.059
1073.25
324.726
1160.94
287.886
267.466
667.578
1063.8
275.207
649.657
576.173
1254.13
243.674
365.129
1252.63
230.581
486.662
336.292
996.543
1158.85
965.63
643.374
264.31
1163.76
1174.54
661.413
393.757
389.653
326.641
308.94
916.222
1272.98
541.894
1166.75
597.696
337
247.061
449.43
433.915
336.992
1186.52
223.743
825.552
681.868
606.713
712.829
236.947
214.225
343.332
358.077
369.9
883.098
1197.37
1000.13
240.574
462.262
579.949
662.091
600.017
295.586
345.685
1326.6
422.014
208.468
356.224
1163.09
1034.15
536.521
472.311
228.453
925.071
291.924
527.463
762.67
285.061
1132.41
734.722
772.855
754.179
294.98
207.691
884.965
268.984
856.026
214.555
516.258
497.654
323.682
339.395
264.582
310.782
254.681
596.832
349.032
888.084
456.758
711.37
522.137
286.482
291.291
268.007
502.719
305.39
430.359
319.449
337.139
609.091
839.057
433.557
566.826
214.751
215.372
1347.44
386.451
252.063
1116.4
808.286
348.649
189.782
313.111
923.109
943.785
691.75
684.695
1328.15
261.812
900.23
584.121
1295.2
834.459
611.917
1236.79
324.05
769.208
336.559
1365.11
292.36
653.041
874.584
248.694
1021.37
694.336
266.946
671.88
251.606
221.729
562.535
370.961
467.175
622.445
272.936
440.733
1204.89
300.273
1191.59
659.351
266.332
517.836
227.663
1080.31
357.181
755.469
602.662
297.175
406.939
879.155
1011.38
726.068
393.97
876.765
256.143
1158.39
345.47
326.517
422.6
336.544
1306.17
192.493
1043.59
272.609
416.999
538.408
394.876
232.632
237.86
352.454
596.297
325.948
238.546
284.558
804.82
396.238
918.026
654.493
255.848
591.254
544.747
577.039
316.504
1068.29
466.383
350.567
572.725
637.903
556.37
259.264
822.1
273.086
401.635
560.895
580.292
876.076
847.488
270.728
664.489
350.916
326.473
928.438
1468.86
506.069
277.319
1521.37
798.507
315.436
297.601
1158.47
612.172
252.533
310.157
1327.11
224.087
1050.71
793.476
236.855
972.803
343.792
695.517
404.622
316.363
813.055
400.748
322.41
1116.92
963.56
412.778
530.566
274.898
781.774
325.946
454.645
1013.7
1323.54
1197.55
341.701
258.545
188.424
288.795
357.816
289.614
324.682
309.983
359.579
498.038
901.989
305.133
266.112
422.933
352.831
853.023
1070.54
437.93
387.366
1100.91
547.184
496.04
408.507
367.536
763.055
407.098
1487.27
1070.8
223.124
578.751
1066.32
304.131
446.893
881.659
290.555
603.76
587.031
806.468
235.618
691.643
389.817
871.991
553.845
888.643
261.86
281.338
327.459
274.797
248.652
321.145
412.407
1362.83
288.894
218.352
481.616
636.131
317.101
514.102
469.788
299.882
838.311
1163.86
722.634
1329.04
683.335
816.274
241.551
192.832
324.314
901.799
467.2
404.504
773.332
324.509
396.546
669.449
380.137
1269.33
807.084
487.302
296.406
275.671
434.46
247.446
225.353
274.329
287.822
938.608
263.09
726.265
656.387
1121.74
263.941
270.633
757.812
576.606
440.563
304.748
511.06
522.921
788.617
409.189
306.271
1164.62
1347.32
234.777
302.949
816.111
581.82
300.322
491.829
1365.71
521.64
233.74
411.864
572.847
426.48
412.705
303.523
270.357
856.76
569.45
552.876
515.529
570.246
313.725
232.819
971.525
323.982
539.761
301.515
884.141
274.7
254.431
601.361
507.42
922.522
1147.91
213.274
292.453
652.094
1125.76
733.33
324.071
455.608
322.547
220.691
781.306
395.052
569.115
308.019
1244.26
1309.06
350.585
303.764
382.871
438.678
254.824
954.324
342.103
380.437
1158.68
1306.65
462.963
459.788
1533.38
278.193
908.313
716.138
1137.47
268.922
274.482
691.978
396.008
542.462
389.22
236.261
404.575
236.755
432.25
420.273
544.493
416.612
269.939
332.235
491.209
252.215
357.693
604.994
438.068
869.395
276.933
1266.19
611.589
641.087
893.256
315.916
335.771
284.056
243.213
300.199
344.593
1343.13
560.267
415.156
299.217
489.862
1093.69
548.744
731.053
826.787
474.863
321.099
255.22
421.768
1168.3
972.772
437.488
481.902
318.514
1204.18
945.219
1195.94
548.539
384.375
410.929
763.776
256.377
313.679
1358.89
273.534
212.698
597.214
274.789
224.628
1177.2
1085.6
284.338
336.199
701.597
319.053
345.29
204.766
794.134
425.06
1032.39
893.541
420.504
548.597
213.964
921.582
809.819
721.093
315.704
497.837
233.965
1158.34
644.35
307.08
1181.97
229.55
274.187
248.934
420.404
647.487
695.801
1023.38
1312.55
371.314
363.73
394.943
315.762
992.286
442.044
865.825
1197.02
240.903
1078.45
248.431
309.712
305.362
1026.87
490.278
285.281
1339.85
255.839
885.88
508.562
322.547
771.179
1216.98
288.701
1181.07
417.446
496.516
252.492
322.651
369.969
950.01
324.721
358.843
856.418
650.064
674.057
688.994
742.798
433.848
322.064
753.804
579.339
609.756
665.288
588.431
344.439
630.114
1162.43
292.957
589.499
327.928
1190.26
446.533
613.15
194.02
664.256
284.439
405.398
363.171
381.177
442.541
349.367
298.223
308.373
441.609
665.781
630.741
706.201
842.321
973.948
225.088
286.398
907.094
387.393
922.276
585.412
893.108
269.912
1119.79
248.062
472.288
1134.67
237.039
331.582
389.019
762.723
770.158
551.946
236.973
882.008
370.157
412.396
591.283
223.457
695.602
475.368
340.901
242.009
676.17
963.251
289.745
301.576
266.959
318.17
771.717
361.939
273.614
600.036
500.228
333.092
349.451
238.009
466.985
735.152
1043.13
1033.49
1023.92
420.552
242.603
220.146
310.689
728.159
211.538
748.216
474.415
286.882
1027.1
510.761
320.27
417.947
944.352
511.883
859.371
416.73
735.341
254.158
1444.15
324.578
966.293
296.836
193.027
807.378
454.374
546.697
445.839
233.5
248.205
412.044
274.668
244.764
975.751
325.835
752.04
296.835
420.991
508.138
711.593
461.521
807.413
368.607
419.804
408.112
517.36
241.905
1313.97
235.823
266.135
1128.55
295.391
1575.57
392.635
856.651
540.56
266.172
285.046
940.971
1359.94
1035.63
297.126
282.841
397.833
884.019
1524.99
349.683
235.449
301.413
260.901
1187.57
1201.95
417.042
418.952
1084.92
1163.48
301.43
661.14
594.549
362.439
413.354
1045.93
653.209
719.232
327.409
1059.76
313.011
430.841
347.761
343.583
474.049
431.394
419.63
649.887
374.256
815.333
1155.51
939.634
543.906
288.042
826.512
1137.73
421.695
293.865
279.661
535.052
373.397
260.059
317.733
494.643
228.507
374.539
951.376
256.452
267.948
308.548
246.211
686.391
621.26
380.763
687.943
433.998
607.501
532.624
566.819
357.008
278.401
1519.2
574.442
567.092
806.812
483.384
991.502
1361.64
330.674
476.45
258.311
427.819
1324.45
326.51
297.974
1144.62
340.501
750.015
326.308
453.224
248.725
368.818
410.743
237.273
503.891
1087.01
532.08
286.429
1305.73
481.882
585.883
314.73
387.399
831.572
378.647
829.109
221.755
295.734
472.386
513.483
1132.81
464.407
834.439
971.856
878.637
235.177
331.072
555.709
1036.71
460.231
568.843
361.194
850.591
806.659
488.155
778.18
237.568
279.943
1349.12
257.248
204.153
856.474
913.618
282.837
823.147
818.476
277.999
370.157
208.443
312.454
590.167
253.697
1352.41
462.376
1158.74
331.518
280.757
1079.97
271.267
282.748
716.183
1187.83
497.437
355.219
321.018
472.307
417.091
326.186
323.377
256.16
204.017
462.306
1062.14
267.978
563.398
891.18
450.676
494.076
378.85
341.855
569.087
516.794
1173.12
726.265
325.295
1322.28
528.693
321.985
893.829
245.568
401.841
309.69
683.75
354.834
933.791
585.548
854.891
551.46
600.137
764.513
532.111
416.413
975.307
851.58
516.811
374.545
724.944
423.037
808.348
1010.78
1052.84
1147.99
218.298
835.409
508.624
1423.6
672.691
1218.22
566.167
1352.67
1138.3
386.002
365.161
656.713
230.192
1145.57
629.953
688.601
1646.73
891.74
1300.16
1201.74
206.724
1153.26
1150.03
959.25
1307.61
306.868
367.569
742.952
312.476
1096.8
1191.62
302.389
376.192
1318.98
223.857
1044.74
506.375
1102.22
446.618
541.494
271.006
766.329
828.885
220.783
248.848
340.449
374.761
241.481
319.347
1089.2
1106.93
266.337
327.539
408.271
358.576
265.318
343.576
411.984
248.898
388.128
392.49
789.28
282.388
324.97
745.134
702.225
806.46
726.54
964.548
332.688
198.164
233.825
243.304
709.894
900.021
723.168
656.871
266.659
418.726
873.725
555.616
213.074
1332.3
413.787
515.719
386.812
494.511
474.4
886.011
509.284
450.768
360.267
225.219
599.402
299.697
1255.81
358.116
484.825
268.934
780.342
837.714
313.314
706.972
354.1
1127.79
538.887
720.519
240.633
547.817
965.3
489.989
1156.66
1375.6
681.617
1009.11
381.638
861.398
417.888
347.686
422.924
222.341
1179.87
454.883
302.795
354.881
957.929
223.274
1463.63
494.104
284.164
927.114
1317.77
244.806
448.767
1172.44
586.973
265.544
591.083
393.217
440.472
515.813
481.437
470.235
875.145
330.284
580.523
1128.12
308.061
1339
272.887
574.61
849.776
979.537
303.809
309.909
480.437
601.346
1042.22
343.932
275.97
378.137
434.35
281.754
432.852
324.395
685.087
375.254
833.111
602.3
422.165
222.19
1190.21
477.528
1476.12
309.468
426.313
1156.86
222.382
1025.05
1145.42
317.002
263.326
1067.62
558.646
1356.68
1109.25
395.056
645.342
323.33
297.33
276.458
247.117
347.359
403.03
208.339
913.339
1027.19
347.734
311.969
1305.5
1196.67
339.835
334.364
515.287
902.098
1157.07
291.203
603.237
488.931
337.809
262.04
281.943
1176.55
210.421
469.833
958.906
289.324
553.412
210.78
236.429
276.148
359.554
1161.53
1585.52
863.592
735.101
235.983
776.404
352.41
734.056
992.361
909.95
990.068
1006.75
1137.96
1045.1
484.029
1160.48
528.165
707.561
303.009
798.483
293.075
297.308
971.442
391.005
308.059
648.882
1431.92
573.759
1180.92
464.962
266.99
685.134
1253.56
240.18
276.471
309.071
667.391
358.571
316.146
646.594
222.405
544.781
373.349
319.166
347.664
1323.5
520.713
1161.68
1118.6
364.786
985.936
326.453
661.36
715.466
239.171
322.628
199.355
293.208
326.983
277.885
706.205
932.363
1182.72
355.078
1098.8
797.206
1020.02
204.054
1179.42
466.851
940.32
1590.41
238.185
244.111
603.565
669.828
258.35
280.56
491.059
730.928
283.212
402.478
891.73
512.107
368.477
200.686
308.974
909.851
297.868
839.328
392.87
255.624
1373.18
919.211
342.933
1039.41
627.142
762.705
746.588
443.615
840.191
250.907
914.045
829.098
734.528
887.804
746.839
452.111
374.171
250.208
752.238
252.029
311.356
1174.72
337.717
1083.57
224.005
1334.72
516.557
265.156
875.713
217.206
1138.46
308.79
1173.84
652.889
872.707
817.966
270.567
433.478
1348.95
536.864
603.816
1598.43
383.095
359.755
275.423
1171.97
1342.62
954.798
613.544
407.107
263.998
704.559
200.087
739.516
623.275
294.179
730.418
311.238
736.66
307.656
254.493
435.726
1160.37
231.853
301.395
702.71
875.045
186.213
223.061
888.507
350.003
439.827
302.864
496.504
528.73
794.633
957.792
283.023
949.298
376.769
269.282
223.999
494.258
954.564
415.491
403.873
329.906
953.149
350.195
259.236
304.039
573.239
1042.15
304.958
311.738
327.278
272.791
310.617
502.918
439.052
323.795
824.649
376.87
1137.53
405.459
272.926
244.587
1082.3
398.286
1475.61
316.737
353.369
547.099
571.457
662.988
343.043
228.079
545.447
437.87
1702.97
402.92
393.645
286.02
419.704
267.409
317.99
413.602
1141.02
305.831
950.054
1142.58
324.274
1108.68
823.976
633.375
555.07
588.392
474.067
521.56
657.16
591.668
213.457
196.479
563.79
655.95
302.219
818.535
615.687
927.137
277.526
383.815
336.747
256.432
534.646
902.155
769.925
257.151
695.175
1299.64
311.987
243.435
210.133
452.127
829.641
273.463
230.153
355.761
940.386
271.237
553.554
840.966
675.574
350.053
335.58
821.587
932.18
368.615
277.487
381.992
596.755
623.058
927.864
237.532
478.745
238.339
620.663
240.404
436.762
339.759
208.194
552.495
609.942
274.161
418.8
343.513
289.274
1051.49
352.009
423.733
353.503
277.789
368.511
253.18
283.904
311.494
970.693
260.656
800.803
243.247
295.975
403.131
399.541
1334.36
1326.75
673.308
411.747
234.721
403.27
814.904
260.588
364.57
618.965
1130
852.334
236.082
246.463
401.585
252.893
1295.17
850.271
1342.98
373.301
288.647
1321.82
639.218
846.623
273.71
283.487
251.728
833.688
280.017
941.018
285.392
558.58
446.392
1053.45
1344.21
309.985
672.844
377.148
489.099
1316.4
599.879
590.795
368.625
733.392
966.832
306.081
966.453
516.823
213.989
345.136
293.302
1151.78
812.997
293.862
996.562
780.376
743.934
242.665
775.496
549.051
279.177
253.765
329.285
572.399
250.374
260.746
620.446
590.039
861.625
292.775
842.651
296.534
926.065
558.158
183.404
508.622
1179.04
433.668
745.695
360.57
499.111
911.318
273.129
819.748
255.424
204.917
491.762
1001.49
1385.59
248.584
516.785
363.382
357.559
735.467
248.617
273.584
248.933
251.2
361.473
551.094
336.554
527.322
304.884
852.679
263.866
337.42
395.924
488.14
585.208
426.605
204.615
239.405
551.685
706.275
517.669
378.384
227.1
280.183
371.134
817.526
976.125
284.914
1132.88
723.937
397.757
415.564
292.495
312.132
579.88
249.678
295.012
481.988
764.389
342.553
255.528
496.511
889.054
243.435
479.02
443.077
453.704
251.843
402.365
250.317
785.707
1143.57
586.813
206.333
595.301
381.625
435.232
398.575
756.316
923.188
1119.79
873.499
231.796
807.261
382.435
1441.68
944.157
1370.65
230.833
350.887
515.603
1385.8
204.013
1392.14
309.126
503.632
313.027
1109.08
898.449
778.428
227.233
650.692
248.849
745.784
587.741
389.805
1422.23
233.512
887.998
252.67
288.24
260.743
369.458
228.736
599.22
371.252
229.576
235.365
677.972
357.807
309.793
871.068
232.082
258.326
1294.13
282.602
223.969
531.15
727.013
754.998
287.988
316.312
231.42
410.925
1150.55
198.256
322.029
1291.91
690.633
620.378
961.816
414.059
235.645
702.454
898.72
585.765
366.501
1388.45
256.037
323.661
1260.9
273.857
1082.77
558.75
273.478
611.263
499.819
240.986
1148.34
208.566
313.955
307.818
316.412
219.461
226.143
243.524
572.572
1044.74
247.972
225.295
1044.53
597.718
419.126
249.745
817.117
306.314
651.766
1053.43
1092.43
757.307
380.227
331.592
719.017
1067.1
400.625
478.928
223.802
1339.82
293.137
352.169
1267.59
954.893
515.469
358.095
570.407
303.458
562.837
406.263
520.02
700.829
306.167
220.97
278.236
440.244
1157.65
884.478
512.486
496.101
491.521
450.952
546.132
301.692
232.351
307.893
227.826
1473.52
318.494
305.084
795.276
545.985
335.541
270.975
321.607
215.973
512.416
822.131
404.796
1006.42
248.905
1428.32
1270.62
1017.27
291.779
292.925
462.506
306.146
1051.86
1110.27
184.296
235.274
791.881
205.428
815.835
365.862
311.975
266.569
779.875
992.768
267.507
1042.16
318.296
311.175
277.725
240.733
420.496
1063.57
822.601
549.06
326.361
304.871
422.303
457.694
504.78
871
466.485
204.133
400.631
1182.29
730.952
368.23
660.433
1104.75
582.061
1009.04
1024.64
427.934
1117.98
237.294
304.991
290.316
502.893
291.612
1002.12
673.696
237.274
703.313
302.085
1204.74
1186.67
395.113
953.927
1323.92
338.652
350.46
211.381
796.194
1125.53
354.764
526.069
277.562
792.823
194.789
1177.75
870.747
1060.14
881.366
526.117
228.854
253.653
411.027
756.733
230.157
942.245
722.026
340.335
265.958
340.93
576.598
604.398
418.13
253.358
368.467
1316.28
761.911
1039.47
303.941
198.667
652.837
829.28
655.239
742.438
1111.81
473.729
658.193
1313.32
355.355
230.72
291.721
569.871
528.74
288.203
257.457
290.02
1333.64
419.046
293.19
239.171
389.54
231.145
770.614
1024.43
179.842
1173.13
243.363
455.524
300.311
864.869
733.343
383.313
738.291
1374.25
996.676
1459.26
257.947
212.403
288.558
207.381
351.274
252.044
229.663
270.736
613.328
393.436
1122.01
423.705
293.646
573.974
777.292
332.223
369.553
1149.93
968.129
282.866
286.142
665.4
483.687
692.136
414.369
344.465
1154.98
1482.16
255.339
670.337
251.399
752.984
278.261
1347.03
1010.99
1031.6
266.91
246.638
446.057
272.38
757.478
1134.12
206.46
330.615
767.191
306.98
961.762
864.219
277.597
294.56
433.197
706.933
209.911
252.128
276.234
336.684
998.234
244.374
803.989
330.765
233.419
1151.24
292.175
743.243
371.458
229.765
312.504
294.847
335.687
216.158
282.402
929.078
231.244
364.016
1215.77
344.624
419.028
302.035
634.988
367.043
218.527
764.628
542.836
527.351
460.93
615.575
236.66
613.513
265.779
367.659
686.921
290.451
1178.02
258.91
331.351
963.458
353.513
281.476
681.629
258.315
877.352
253.723
286.526
388.487
709.405
961.334
840.647
291.585
389.46
596.063
232.694
262.221
1187.68
314.475
236.191
353.366
478.582
848.508
429.394
280.631
276.057
646.118
352.416
371.968
790.898
278.432
1087.16
528.369
827.783
491.056
686.18
257.978
827.815
1433.12
341.31
485.89
471.032
304.147
610.997
209.825
1405.43
367.111
877.68
1039.02
892.268
739.511
1170.92
1165.98
374.227
479.998
569.57
519.414
194.083
398.06
582.441
251.602
652.766
938.388
553.656
475.341
1020.01
968.037
246.557
407.07
383.245
227.666
987.1
260.559
520.106
1343.81
476.054
751.982
692.623
693.423
1118.53
298.701
679.54
386.802
488.673
1176.2
209.717
398.025
324.84
847.577
634.498
463.061
318.958
306.673
309.266
986.903
357.094
897.66
263.515
314.154
272.324
272.96
1057.04
1195.36
896.119
1124.8
1260.68
311.39
419.091
799.335
768.892
415.606
509.982
259.217
874.41
463.818
254.689
327.888
987.875
613.711
965.206
497.483
1091.18
906.188
1143.85
268.848
262.488
1161.38
785.847
443.113
247.36
340.379
307.219
364.643
380.281
610.434
457.626
300.461
720.357
485.522
375.331
581.25
246.413
271.673
348.996
631.694
319.34
534.896
428.338
515.011
866.925
404.769
287.946
386.651
537.51
816.551
378.536
295.267
279.384
210.553
273.656
295.327
403.215
356.831
304.215
708.096
290.445
943.797
258.276
414.561
229.472
897.862
234.426
215.116
315.903
683.997
272.336
344.678
643.146
291.581
257.159
840.752
761.279
1170.44
507.482
541.891
531.023
1131.16
551.677
564.46
325.084
804.972
580.409
753.545
535.216
775.776
253.728
889.241
939.056
1143.29
1115.59
666.253
1145.35
1108.05
259.259
256.296
336.043
208.103
904.893
499.03
326.935
508.665
265.978
952.743
460.134
980.586
855.748
298.492
375.787
542.861
490.479
291.216
202.252
512.302
854.678
1341.12
313.559
374.392
283.362
260.068
247.519
231.659
344.06
900.277
872.257
369.258
594.477
220.554
307.726
514.3
1325.39
827.278
671.296
238.287
298.566
439.342
225.363
836.577
908.277
270.522
1159.19
668.813
541.51
567.361
1340.62
281.003
454.239
227.875
269.795
781.885
383.943
239.622
602.984
552.795
289.722
544.957
287.741
286.012
255.831
552.745
826.096
308.821
1337.33
570.059
1167.47
527.715
922.241
469.735
478.266
342.926
220.669
303.324
675.16
624.058
1318.48
1150.29
504.385
792.814
1042.58
360.139
310.43
307.85
404.922
1236.57
262.259
510.964
424.753
1137.29
786.254
810.625
697.153
309.873
395.765
942.282
450.763
638.429
246.097
558.468
340.165
277.606
632.076
370.005
244.179
1298.56
425.922
946.613
396.874
956.446
794.512
361.365
558.311
339.729
464.245
541.418
934.062
347.171
683.724
215.675
767.282
1124.22
192.4
398.67
1099.53
310.908
938.847
401.29
448.519
235.5
799.039
271.575
513.03
545.896
421.867
252.497
486.462
297.28
628.259
236.881
479.03
215.303
673.807
289.384
1236.71
938.563
654.939
323.182
282.695
614.916
476.075
231.032
265.071
434.207
235.281
260.559
552.651
280.46
477.049
409.078
557.048
204.948
257.351
696.076
922.599
1358.31
410.291
252.959
239.169
536.687
303.835
519.326
805.696
1077.41
551.851
968.777
325.336
231.23
1004.05
415.478
228.04
398.741
1177.08
603.071
583.957
843.344
1702.81
466.967
402.851
595.188
405.229
857.302
573.858
945.47
1197.43
1358.61
283.342
787.928
565.605
498.269
498.347
681.29
796.564
480.025
273.641
515.56
714.9
542.339
277.521
1143.38
226.919
746.811
285.568
241.25
587.891
253.264
283.974
798.963
243.578
426.234
259.473
251.52
228.61
612.609
792.548
330.916
456.588
748.044
779.372
671.79
865.16
584.763
277.873
619.137
246.541
305.35
482.327
296.726
328.152
1636.32
566.453
1322.75
1046.39
679.318
336.31
266.021
371.883
1464.35
773.872
301.657
673.293
801.339
193.38
1267.4
981.909
1329.15
1373.64
703.557
293.012
601.221
601.928
708.855
951.474
234.082
948.93
599.447
293.52
618.103
598.337
1653.92
302.12
885.066
561.873
253.138
352.542
1312.89
437.36
260.088
1112.31
358.751
625.96
292.033
452.857
1306.87
376.192
1150.55
272.84
333.672
1237.01
259.439
504.585
551.131
232.814
1032.66
253.072
808.068
278.175
530.437
223.78
292.25
379.349
780.17
246.648
1063.58
311.505
315.381
545.9
326.95
349.722
303.726
237.566
325.833
485.03
719.64
412.083
819.514
225.439
988.466
238.304
1312.14
317.302
1443.1
225.94
323.026
271.413
1259.79
286.483
896.814
594.957
747.59
276.42
261.405
716.896
785.055
1035.89
758.729
261.599
1434.23
258.338
576.499
1252.81
1143.42
435.466
421.548
398.413
444.39
236.51
414.937
524.759
268.523
287.806
379.939
237.786
829.445
239.223
648.854
586.646
921.921
1717.62
250.162
275.317
450.337
1168.69
639.185
244.383
527.475
421.854
436.359
379.816
758.711
816.226
253.516
705.388
251.777
284.746
986.21
578.83
419.376
452.436
673.361
1020.85
224.146
1135.57
469.672
741.199
370.974
311.477
641.197
316.933
976.766
1202.61
303.552
185.225
268.327
422.422
285.566
320.13
931.177
219.859
199.606
238.248
222.671
284.938
535.738
361.163
1059.18
802.573
595.951
463.399
654.162
439.591
328.056
869.012
302.549
426.808
1045.67
534.543
365.202
330.696
199.505
414.303
559.922
1034.91
1167.7
1334.87
906.95
411.011
550.023
1332.48
249.118
713.299
372.232
265.889
271.033
577.64
1268.88
205.275
1020.11
291.524
878.553
1059.83
286.859
234.049
238.92
1335.32
632.972
312.007
257.037
395.365
298.273
678.227
828.866
978.944
249.352
689.669
234.165
418.91
615.616
878.392
289.834
936.438
260.605
1058.52
668.983
954.158
518.697
970.906
804.058
1320.72
293.245
485.771
536.385
609.591
234.729
1101.21
1141.1
239.594
815.041
992.862
382.601
985.8
464.203
565.636
288.454
447.968
1317.65
446.348
821.914
1341.67
1138.37
587.132
990
709.749
741.375
642.059
321.17
1157.54
979.837
949.763
286.186
191.635
908.413
926.064
361.078
311.735
1532.31
1254.95
250.291
1330.78
363.447
531.032
1007.74
288.191
262.619
412.57
203.236
211.742
945.671
765.023
234.916
226.373
343.577
501.07
387.788
354.181
593.446
341.61
1305.44
280.3
477.201
313.339
901.374
288.167
585.184
376.874
771.528
247.41
437.943
669.107
385.72
745.587
263.965
334.369
1015.2
247.809
745.306
383.195
256.886
522.882
1072.72
867.278
1045.57
883.904
777.836
200.59
411.124
551.592
1812.63
295.898
278.168
862.593
596.578
244.559
1026.16
929.343
347.118
697.963
293.913
262.638
531.347
715.488
309.354
310.688
459.949
208.539
906.791
245.342
630.787
208.961
717.931
578.952
555.729
368.833
1174.26
456.306
341.092
1325.15
389.489
885.459
1378.81
803.785
246.935
699.584
286.777
1465.38
1148.12
874.221
361.638
483.752
622.218
464.545
326.904
471.5
384.39
457.56
354.31
535.171
277.595
1090.73
491.102
296.353
256.64
534.614
1123.03
427.563
758.03
658.816
432.885
719.246
236.827
1135.79
750.872
392.628
1181.28
316.419
674.948
294.181
851.891
588.143
417.865
346.448
1071.72
273.156
1474.63
409.663
349.814
1163.52
379.458
1258.67
706.709
396.869
509.823
279.411
543.481
607.314
268.058
727.064
332.748
1287.94
303.808
209.484
279.326
241.699
228.336
298.777
566.838
212.062
685.717
480.332
320.26
254.247
572.729
785.565
317.457
818.578
1105.32
406.341
443.573
259.326
201.986
562.391
324.628
450.134
1132.26
541.007
263.42
261.833
250.59
282.707
183.511
477.137
1282.43
760.676
1212.07
376.023
1178.5
1297.32
602.391
442.196
273.582
1169.44
871.73
992.57
475.755
464.186
1173.28
629.749
392.098
350.876
227.105
464.356
1101.91
1105.63
390.56
248.101
720.354
294.415
695.068
1199.11
627.28
687.14
345.257
414.485
464.552
832.519
222.483
790.544
1306.12
568.26
281.777
555.527
222.391
353.023
573.501
337.431
1165.5
416.834
904.228
1258.56
243.013
554.997
1110.82
219.195
843.81
1134.84
463.434
231.495
863.498
236.745
680.695
1082.4
290.432
808.478
328.848
1187.01
290.376
403.226
888.848
276.495
293.74
361.397
702.808
286.497
297.748
623.654
497.827
649.558
508.966
331.91
232.031
334.607
505.617
1337.56
322.638
218.202
955.215
227.169
524.987
541.978
249.6
238.063
316.521
244.766
227.175
473.137
551.258
1120.24
501.435
692.101
240.031
280.055
380.207
876.813
1132.34
896.025
1304.87
834.995
487.025
591.569
298.9
1052.73
283.489
390.376
231.185
764.013
307.105
417.858
999.101
801.582
1187.12
468.374
856.018
814.293
296.275
252.376
1176.94
866.481
1332.37
1326.87
229.512
363.942
213.295
274.394
379.813
930.352
256.23
491.236
1105.59
629.08
327.129
974.211
233.367
342.561
470.566
611.875
1328.61
471.864
342.634
265.501
998.687
190.127
296.919
870.604
216.763
289.995
199.59
373.855
1161.64
436.526
360.754
345.77
331.626
1012.76
322.92
302.089
334.931
844.75
542.974
1177.73
544.934
822.975
394.829
1533.96
275.039
229.05
449.462
890.119
269.425
567.452
250.999
290.73
1062.43
424.376
264.352
260.456
589.123
1291.09
1010.52
764.84
292.882
688.792
1283.48
233.03
256.326
1178.92
308.522
350.134
336.105
461.037
490.211
585.787
1339.76
545.443
289.762
233.731
471.441
1522.2
946.148
286.524
510.597
246.615
918.509
607.337
309.259
231.296
236.786
821.619
488.642
1362.85
234.011
279.301
1128.43
474.679
418.131
665.252
241.952
1175.09
262.616
309.624
215.774
422.347
1183.65
328.691
1332.86
1075.53
846.557
1028.03
1143.17
1089.12
387.103
527.018
464.266
501.08
530.759
389.788
649.717
405.786
459.919
227.839
364.671
654.355
436.316
309.329
523.557
1099.84
433.096
795.809
702.421
1424.86
724.92
200.281
309.678
257.396
595.762
681.25
327.623
541.098
998.821
222.264
403.409
272.779
309.304
210.386
587.823
1201.75
222.722
296.05
631.662
826.21
367.945
1327.62
363.43
1271.16
405.436
408.027
954.826
829.484
448.05
405.944
284.164
659.262
1015.91
365.695
468.461
275.188
894.399
1143.49
457.896
703.928
287.218
284.135
203.727
317.4
218.228
395.225
200.567
415.448
208.931
569.267
1050.29
581.566
284.647
312.904
1111.74
220.423
254.779
305.863
527.491
441.706
548.187
285.449
727.778
1145.98
237.93
401.586
513.353
754.829
274.226
434.109
1463.48
345.54
469.854
1101.57
765.99
294.069
182.122
359.213
973.311
846.182
1134.26
378.764
497.038
838.111
432.442
554.703
624.529
980.932
1389.68
480.801
830.933
963.03
1105.16
454.321
875.186
1130.2
1370.96
856.759
939.79
199.59
1690.31
1466.78
1035.24
225.906
310.112
237.275
499.851
365.992
342.04
906.89
916.867
1100.26
253.442
255.398
348.159
314.104
1095.47
854
390.228
337.004
879.265
1351.55
919.177
274.625
282.864
244.195
1156.15
399.113
601.839
253.428
265.411
229.154
672.456
409.767
335.864
1054.37
328.992
975.787
1089.04
641.982
578.234
349.947
345.837
317.811
420.405
1267.24
625.91
726.795
462.991
822.736
787.824
361.311
820.6
433.422
877.196
926.465
510.627
227.761
1316.3
808.978
698.111
327.832
677.84
515.998
525.337
553.355
438.775
893.989
235.572
457.216
226.234
432.016
340.079
735.885
206.309
336.512
384.362
314.183
377.869
330.803
314.298
868.611
1128.96
351.455
242.216
335.954
664.995
1155.08
1275.62
886.742
701.469
236.653
510.581
330.91
639.931
472.259
446.783
846.851
863.134
1374.45
622.164
208.29
968.203
436.742
567.546
741.35
852.544
1171.97
324.659
503.453
713.189
966.719
436.914
671.321
373.822
697.78
266.593
491.957
373.878
1021.51
490.876
1321.57
487.608
335.922
444.775
549.636
190.975
318.834
361.32
720.251
394.272
855.697
258.356
419.677
686.788
328.478
289.422
288.695
383.157
486.676
610.923
833.416
302.771
211.51
402.792
819.406
380.703
548.57
326.332
494.051
678.381
411.973
244.426
277.516
203.209
1319.2
253.208
321.938
230.832
267.881
845.973
1284.97
435.009
596.008
703.843
262.213
818.313
1232.42
415.393
831.799
299.823
355.647
582.209
300.535
1046.54
475.102
955.632
549.059
705.656
274.099
454.249
381.59
302.705
1828.67
351.889
296.678
233.643
469.276
537.525
685.773
394.073
970.886
507.7
519.36
767.466
400.275
263.297
1143.46
914.152
418.341
411.822
295.938
1323.16
660.873
782.086
318.289
423.258
422.197
238.025
480.863
384.309
229.842
724.676
1143.34
1091.24
374.817
641.517
1010.57
688.811
752.616
338.52
345.096
327.046
809.198
531.964
252.754
285.938
280.796
1594.5
479.931
1294.04
396.536
326.995
302.396
789.152
790.26
218.081
277.751
827.173
307.566
1187.81
309.845
283.75
277.687
600.969
257.8
743.915
445.349
271.887
896.012
596.995
404.788
287.064
322.269
1047.45
860.604
1010.96
347.329
983.42
1136.34
697.95
906.525
603.185
427.145
274.822
478.273
762.756
612.669
232.297
268.883
780.328
291.422
1160.07
1153.32
634.994
359.629
222.657
828.343
989.174
319.81
355.755
269.914
235.033
353.028
828.222
606.508
284.716
285.623
310.086
223.482
312.529
473.668
849.417
620.153
540.969
262.497
808.539
930.782
1321.31
297.096
687.143
333.507
885.991
288.204
457.409
789.426
277.091
544.681
1170.5
551.836
376.95
503.846
789.813
271.501
269.266
562.615
547.089
707.669
852.855
211.186
266.374
340.593
586.474
378.381
334.624
724.704
1378.51
685.664
430.89
287.674
375.148
295.753
328.714
259.19
1256.81
346.482
293.66
613.464
576.872
339.765
339.985
940.221
284.029
284.294
274.311
1336.83
284.099
370.651
243.595
328.229
260.186
242.742
329.336
335.294
920.26
531.389
981.991
1297.86
421.013
596.455
200.404
585.339
262.186
1083.59
959.154
226.434
426.629
1047.1
982.369
1235.13
1126.24
280.667
403.534
296.17
403.182
559.856
367.092
255.815
1280.53
248.766
597.104
293.177
198.613
1125.43
524.108
319.62
536.992
266.554
555.378
391.972
366.263
481.773
307.143
515.123
276.112
1292.25
890.804
314.165
926.538
826.792
617.436
377.744
227.86
1033.07
601.026
867.173
1346.91
304.461
264.164
285.765
1314.54
1159.96
689.063
318.532
899.087
275.712
898.836
232.104
859.525
1460.9
1116.26
263.139
1315.65
472.781
454.747
1067.13
237.231
1213.58
391.241
1315.68
365.801
430.842
249.261
263.66
862.945
346.102
391.016
335.543
322.894
183.005
1028.66
351.46
390.168
457.991
260.05
315.759
594.241
231.704
771.066
240.57
614.582
351.469
452.103
400.696
714.624
829.153
405.348
838.749
294.007
1717.63
894.427
559.266
338.428
482.184
215.855
648.844
282.144
202.04
428.544
277.614
462.007
296.032
219.55
212.12
425.548
353.887
456.413
876.681
1328.64
280.312
353.322
290.155
1267.78
216.608
509.63
1164.06
782.273
1593.45
288.612
287.009
763.45
436.276
1166.56
1178.48
383.843
511.992
636.283
235.009
1362.67
452.38
447.805
433.157
272.583
294.853
208.81
253.866
1001.15
245.895
763.575
250.127
1088.17
1456.63
817.425
229.363
346.464
1360.77
280.891
336.79
493.196
543.019
414.574
408.743
737.91
263.045
878.556
596.266
247.037
262.449
343.749
215.685
438.319
1016.49
367.345
741.654
1311.93
265.574
512.002
300.189
1288.93
357.66
927.153
253.095
272.021
914.375
353.476
339.119
295.911
259.458
924.754
643.736
1134.11
473.65
551.41
1066.33
295.218
581.286
338.016
245.733
321.163
297.859
302.521
648.597
458.063
537.639
567.619
309.225
985.385
306.721
579.737
329.775
464.618
795.038
322.872
546.207
620.921
729.281
353.566
265.593
605.525
276.072
243.302
892.017
347.049
275.91
1228.76
233.751
520.39
775.299
1116.29
880.81
248.016
243.781
320.276
366.625
557.175
646.161
431.936
303.917
1200.59
201.792
389.495
1345.96
1102.12
616.749
417.561
217.98
234.644
289.14
560.428
218.21
309.99
1363.85
267.894
314.627
1661.2
430.96
684.608
409.008
380.25
909.005
282.309
538.765
364.31
644.017
955.438
382.47
481.516
1315.97
593.903
352.234
535.294
929.309
1013.22
467.764
315.68
410.983
213.013
1313.5
296.916
1569.92
864.663
1351.07
453.993
668.076
269.34
484.361
424.514
384.925
327.005
541.883
287.596
227.292
950.512
384.512
334.622
295.402
1177.56
290.643
1142.74
1179.65
374.597
328.516
273.565
305.176
498.55
274.409
240.558
236.864
720.189
275.359
283.988
251.764
256.729
597.972
301.913
879.73
723.135
718.185
384.147
727.78
213.295
456.141
317.53
575.235
705.281
1061.41
895.953
1137.6
592.669
1160.62
774.11
967.058
214.762
371.888
870.613
382.924
755.172
732.027
258.314
479.045
286.087
695.287
205.029
816.96
1189.36
286.809
1160.14
1160.35
361.893
347.555
345.446
283.875
1269.57
311.396
1470.26
869.282
707.068
810.324
473.74
1142.44
256.597
275.36
250.286
1051.66
647.011
432.181
768.487
251.11
317.806
292.609
1291.36
280.174
307.66
534.71
425.116
574.414
351.035
879.6
211.725
1318.72
1081.96
890.158
448.086
1095.72
268.554
513.932
584.308
276.957
373.913
215.293
956.267
601.164
277.303
409.825
1136.26
266.47
517.169
702.467
301.428
370.147
295.567
188.504
640.834
590.369
453.407
519.436
272.553
217.145
469.566
503.268
472.645
363.866
773.134
216.393
356.18
223.918
427.149
499.526
987.232
606.447
293.842
1166.34
1123.66
309.003
726.014
416.191
485.768
299.263
910.02
289.271
366.165
1167
408.21
258.578
565.911
726.265
864.798
339.474
301.417
616.863
581.125
600.148
914.352
340.799
303.689
472.24
387.835
355.523
1115.39
879.702
669.349
554.588
386.239
463.228
229.689
532.33
581.055
929.895
1136.29
322.763
227.102
233.733
362.954
448.287
829.23
227.026
1020.72
1095.45
271.92
347.173
651.558
179.864
354.064
1033.81
228.125
293.981
291.488
734.934
505.167
991.156
190.349
383.219
446.051
864.591
261.669
489.658
321.435
288.321
619.189
792.817
812.205
385.194
683.854
1180.3
489.507
601.751
1337.47
325.312
280.808
229.073
219.954
578.54
479.101
565.833
415.357
380.167
459.221
1319.99
764.978
432.99
1039.3
475.372
639.362
308.731
252.686
995.352
693.956
282.688
1013.49
381.643
228.415
1636.19
398.613
1184.06
344.511
1137.3
412.772
828.772
258.932
386.809
289.762
339.896
349.985
673.668
247.921
573.97
365.876
802.529
1280.29
257.799
314.658
859.474
287.583
873.944
1069.73
691.148
614.812
508.721
304.106
242.55
423.158
476.786
552.797
590.473
270.754
295.585
375.658
371.213
1314.38
241.196
235.863
219.417
281.205
355.933
280.073
399.697
894.856
519.458
988.79
229.649
333.532
398.036
815.333
307.534
879.684
881.291
1389.19
304.766
438.862
384.409
267.013
850.605
452.223
277.747
323.513
319.028
408.344
306.773
983.359
338.171
1122.24
290.288
643.714
1283.39
389.636
840.276
1465.42
895.606
226.292
587.082
284.755
899.562
373.997
439.818
518.993
490.317
1122.57
271.078
470.485
1102.53
1083.13
825.771
291.293
1147.08
1132.12
268.506
1260.52
742.344
380.007
857.914
1310.77
1032.13
1126.27
515.247
589.46
1240.39
297.061
359.825
316.876
1312.01
663.943
407.154
497.085
1303.63
466.165
1269.16
280.198
333.615
534.217
301.13
1096.66
312.524
233.752
283.613
556.764
622.019
399.95
857.79
833.14
1658.96
1367.5
740.755
551.784
482.22
526.051
349.329
427.953
295.622
316.026
378.914
1710.04
895.341
386.569
234.607
306.732
1058.39
368.728
230.912
445.883
484.796
249.002
374.084
337.484
918.841
323.743
511.063
713.03
423.792
493.214
581.486
1136.27
733.604
674.283
629.385
962.777
307.596
246.35
729.98
907.428
290.531
346.589
275.409
258.115
436.483
1283.5
473.942
304.451
653.293
321.675
888.875
1089.08
320.988
259.03
233.704
228.232
461.104
1283.15
861.703
699.916
1031.94
815.758
794.322
1168.94
564.094
396.709
269.736
223.714
299.352
413.683
232.632
1163.94
374.82
233.157
1173.77
1345.26
811.399
213.151
259.819
1331.07
333.237
427.504
1322.08
573.816
874.927
1003.59
333.728
1612.44
774.718
489.977
374.386
325.579
401.684
400.1
349.948
353.412
295.869
530.542
274.824
690.962
675.847
269.183
314.466
264.161
380.965
308.619
388.469
389.935
255.726
238.336
414.422
242.047
532.666
225.41
1178.1
1156.78
443.81
887.891
1034.01
748.477
354.428
806.96
989.014
943.32
446.099
839.132
760.401
301.117
467.712
832.278
246.104
1118.94
637.611
248.492
269.628
559.034
1215.5
753.37
873.795
1182.84
293.322
274.377
1103.88
263.398
726.402
1508.87
331.826
1047.8
353.735
266.366
348.392
243.081
1170.3
272.439
904.222
916.417
898.418
956.612
477.181
983.452
794.466
264.311
454.216
1330.36
902.4
287.945
254.728
876.054
513.74
370.848
318.934
1009.74
947.782
882.302
258.586
331.555
297.702
202.943
346.329
1022.02
511.178
485.601
743.076
297.093
303.083
863.454
274.34
493.127
581.183
629.995
1078.88
999.08
406.337
383.687
900.288
603.288
319.766
939.703
1330.27
337.891
802.577
339.97
351.192
892.725
910.735
260.561
450.933
966.925
289.97
522.135
341.553
340.257
311.352
283.629
865.403
401.074
324.172
762.046
1253.05
884.311
331.713
792.674
1245.58
341.581
465.169
228.607
659.197
309.67
636.977
340.844
243.736
202.981
781.3
288.35
525.988
1189.81
719.31
644.368
331.207
319.817
1321.31
806.114
655.518
1055.75
491.926
998.942
845.661
259.102
735.548
368.959
288.351
802.223
1163.56
1045.16
490.722
423.893
677.866
291.012
1225.14
647.842
1149.11
567.207
378.211
1120.04
199.111
232.463
328.997
1107.96
288.029
1229.1
1175.11
367.189
1161.77
705.059
314.342
1006.59
608.635
870.289
731.069
1361.74
580.105
331.837
750.679
819.876
391.359
424.471
1172.31
970.692
1345.78
298.568
1382.12
836.136
819.949
1173.5
1025.29
264.094
1089.93
636.521
617.942
608.947
407.179
232.974
868.527
1108.65
607.063
729.935
751.212
823.695
237.837
1070.23
460.766
340.801
726.503
265.492
879.626
316.726
317.946
233.566
856.918
933.308
465.157
569.024
314.236
392.753
745.897
294.407
255.846
267.355
470.113
267.662
229.108
354.897
1124.32
299.253
248.542
344.097
564.819
785.816
288.752
674.126
1430.3
467.216
431.131
909.564
413.065
659.806
393.871
337.607
205.962
509.245
263.899
530.503
363.337
344.567
538.332
323.479
248.496
963.024
230.477
532.201
1323.28
332.257
419.826
1007.04
229.466
541.562
291.42
188.883
361.48
415.17
332.42
371.666
334.716
799.991
404.793
191.806
573.094
342.037
779.959
414.847
587.246
532.775
343.863
379.551
607.714
922.599
493.986
644.179
1071.29
227.064
285.787
950.584
285.798
191.569
870.635
1278.46
607.143
1039.18
250.799
534.096
279.697
496
278.136
504.589
334.396
537.826
631.227
250.558
1336.88
544.051
1001.23
266.245
788.847
466.676
237.502
705.018
206.4
502.429
1251.6
342.623
1141.34
354.353
559.503
389.914
210.07
467.938
681.223
548.811
605.306
232.542
1029.13
1454.44
1223.24
219.399
394.9
836.124
1058.9
1127.34
224.437
408.835
223.65
220.561
387.178
300.35
1236.47
749.311
1254.74
250.769
271.732
684.247
358.715
440.347
428.599
487.254
483.577
973.762
319.315
227.605
234.19
522.192
480.219
1057.03
318.56
315.515
414.458
283.479
1088.59
964.728
286.717
479.946
928.507
411.89
220.623
440.08
557.122
409.86
774.946
255.634
289.866
1297.58
817.136
989.168
297.641
915.096
625.135
880.041
634.977
268.677
285.939
560.094
352.213
306.664
1523.23
300.91
417.386
873.522
1136.1
386.866
1326.36
437.134
632.073
362.058
1474.33
222.869
580.515
503.161
394.598
790.013
781.391
212.771
389.311
307.586
235.767
600.522
846.47
446.873
226.507
585.898
974.961
239.358
349.85
289.914
577.251
885.325
744.289
244.595
426.45
798.757
704.215
974.103
302.806
214.689
282.386
536.567
647.006
1176.58
543.877
284.28
605.255
265.625
451.887
1308.35
334.931
1286.86
223.312
245.151
635.954
487.548
967.171
256.621
308.794
360.197
437.892
786.143
292.688
1185.35
755.342
798.107
256.418
673.688
344.434
502.177
1064.36
310.654
380.338
730.263
334.82
548.376
351.539
355.187
243.716
707.883
732.035
